% Model:              outside_in_originalconfiguration_baseline_240mins.mph
% Version:            COMSOL 6.3.0.420
% Date:               May 28 2026, 21:42
% Dimension:          2
% Nodes:              149
% Expressions:        13
% Description:        Pressure
% Length unit:        mm
% r                       z                        p (Pa) @ t=0             p (Pa) @ t=20            p (Pa) @ t=40            p (Pa) @ t=60            p (Pa) @ t=80            p (Pa) @ t=100           p (Pa) @ t=120           p (Pa) @ t=140           p (Pa) @ t=160           p (Pa) @ t=180           p (Pa) @ t=200           p (Pa) @ t=220           p (Pa) @ t=240
0.5                       -5                       0.11561616995328597      0.11561616995328597      0.11561616995328597      0.11561616995328597      0.11561616995328597      0.11561616995328597      0.11561616995328597      0.11561616995328597      0.11561616995328597      0.11561616995328597      0.11561616995328597      0.11561616995328597      0.11561616995328597
0.5                       -4.784858387799563       0.11487655889625772      0.11487655889625772      0.11487655889625772      0.11487655889625772      0.11487655889625772      0.11487655889625772      0.11487655889625772      0.11487655889625772      0.11487655889625772      0.11487655889625772      0.11487655889625772      0.11487655889625772      0.11487655889625772
0.5                       -4.583333333333332       0.11420699187395258      0.11420699187395258      0.11420699187395258      0.11420699187395258      0.11420699187395258      0.11420699187395258      0.11420699187395258      0.11420699187395258      0.11420699187395258      0.11420699187395258      0.11420699187395258      0.11420699187395258      0.11420699187395258
0.5                       -4.368191721132899       0.11331133567505966      0.11331133567505966      0.11331133567505966      0.11331133567505966      0.11331133567505966      0.11331133567505966      0.11331133567505966      0.11331133567505966      0.11331133567505966      0.11331133567505966      0.11331133567505966      0.11331133567505966      0.11331133567505966
0.5                       -4.166666666666666       0.11246571655734233      0.11246571655734233      0.11246571655734233      0.11246571655734233      0.11246571655734233      0.11246571655734233      0.11246571655734233      0.11246571655734233      0.11246571655734233      0.11246571655734233      0.11246571655734233      0.11246571655734233      0.11246571655734233
0.5                       -3.9515250544662317      0.11168847910195726      0.11168847910195726      0.11168847910195726      0.11168847910195726      0.11168847910195726      0.11168847910195726      0.11168847910195726      0.11168847910195726      0.11168847910195726      0.11168847910195726      0.11168847910195726      0.11168847910195726      0.11168847910195726
0.5                       -3.7499999999999996      0.11096295540377114      0.11096295540377114      0.11096295540377114      0.11096295540377114      0.11096295540377114      0.11096295540377114      0.11096295540377114      0.11096295540377114      0.11096295540377114      0.11096295540377114      0.11096295540377114      0.11096295540377114      0.11096295540377114
0.5                       -3.5348583877995656      0.11008872147165756      0.11008872147165756      0.11008872147165756      0.11008872147165756      0.11008872147165756      0.11008872147165756      0.11008872147165756      0.11008872147165756      0.11008872147165756      0.11008872147165756      0.11008872147165756      0.11008872147165756      0.11008872147165756
0.5                       -3.333333333333333       0.10926883837142067      0.10926883837142067      0.10926883837142067      0.10926883837142067      0.10926883837142067      0.10926883837142067      0.10926883837142067      0.10926883837142067      0.10926883837142067      0.10926883837142067      0.10926883837142067      0.10926883837142067      0.10926883837142067
0.5                       -3.1181917211328987      0.10847354847369414      0.10847354847369414      0.10847354847369414      0.10847354847369414      0.10847354847369414      0.10847354847369414      0.10847354847369414      0.10847354847369414      0.10847354847369414      0.10847354847369414      0.10847354847369414      0.10847354847369414      0.10847354847369414
0.5                       -2.916666666666666       0.10772891587799481      0.10772891587799481      0.10772891587799481      0.10772891587799481      0.10772891587799481      0.10772891587799481      0.10772891587799481      0.10772891587799481      0.10772891587799481      0.10772891587799481      0.10772891587799481      0.10772891587799481      0.10772891587799481
0.5                       -2.701525054466232       0.1068683160878435       0.1068683160878435       0.1068683160878435       0.1068683160878435       0.1068683160878435       0.1068683160878435       0.1068683160878435       0.1068683160878435       0.1068683160878435       0.1068683160878435       0.1068683160878435       0.1068683160878435       0.1068683160878435
0.5                       -2.4999999999999996      0.10606212402434578      0.10606212402434578      0.10606212402434578      0.10606212402434578      0.10606212402434578      0.10606212402434578      0.10606212402434578      0.10606212402434578      0.10606212402434578      0.10606212402434578      0.10606212402434578      0.10606212402434578      0.10606212402434578
0.5                       -2.2848583877995656      0.10525632606081689      0.10525632606081689      0.10525632606081689      0.10525632606081689      0.10525632606081689      0.10525632606081689      0.10525632606081689      0.10525632606081689      0.10525632606081689      0.10525632606081689      0.10525632606081689      0.10525632606081689      0.10525632606081689
0.5                       -2.083333333333333       0.10450148740777733      0.10450148740777733      0.10450148740777733      0.10450148740777733      0.10450148740777733      0.10450148740777733      0.10450148740777733      0.10450148740777733      0.10450148740777733      0.10450148740777733      0.10450148740777733      0.10450148740777733      0.10450148740777733
0.5                       -1.8681917211328982      0.10364925301129681      0.10364925301129681      0.10364925301129681      0.10364925301129681      0.10364925301129681      0.10364925301129681      0.10364925301129681      0.10364925301129681      0.10364925301129681      0.10364925301129681      0.10364925301129681      0.10364925301129681      0.10364925301129681
0.5                       -1.666666666666666       0.10285103370343149      0.10285103370343149      0.10285103370343149      0.10285103370343149      0.10285103370343149      0.10285103370343149      0.10285103370343149      0.10285103370343149      0.10285103370343149      0.10285103370343149      0.10285103370343149      0.10285103370343149      0.10285103370343149
0.5                       -1.4515250544662317      0.10203842318657601      0.10203842318657601      0.10203842318657601      0.10203842318657601      0.10203842318657601      0.10203842318657601      0.10203842318657601      0.10203842318657601      0.10203842318657601      0.10203842318657601      0.10203842318657601      0.10203842318657601      0.10203842318657601
0.5                       -1.2499999999999991      0.1012771594382871       0.1012771594382871       0.1012771594382871       0.1012771594382871       0.1012771594382871       0.1012771594382871       0.1012771594382871       0.1012771594382871       0.1012771594382871       0.1012771594382871       0.1012771594382871       0.1012771594382871       0.1012771594382871
0.5                       -1.0348583877995643      0.10043055651817935      0.10043055651817935      0.10043055651817935      0.10043055651817935      0.10043055651817935      0.10043055651817935      0.10043055651817935      0.10043055651817935      0.10043055651817935      0.10043055651817935      0.10043055651817935      0.10043055651817935      0.10043055651817935
0.5                       -0.8333333333333321      0.09963761529930627      0.09963761529930627      0.09963761529930627      0.09963761529930627      0.09963761529930627      0.09963761529930627      0.09963761529930627      0.09963761529930627      0.09963761529930627      0.09963761529930627      0.09963761529930627      0.09963761529930627      0.09963761529930627
0.5                       -0.6181917211328987      0.09882026286840367      0.09882026286840367      0.09882026286840367      0.09882026286840367      0.09882026286840367      0.09882026286840367      0.09882026286840367      0.09882026286840367      0.09882026286840367      0.09882026286840367      0.09882026286840367      0.09882026286840367      0.09882026286840367
0.5                       -0.4166666666666652      0.0980545664472676       0.0980545664472676       0.0980545664472676       0.0980545664472676       0.0980545664472676       0.0980545664472676       0.0980545664472676       0.0980545664472676       0.0980545664472676       0.0980545664472676       0.0980545664472676       0.0980545664472676       0.0980545664472676
0.5                       -0.2015250544662317      0.09721204346450513      0.09721204346450513      0.09721204346450513      0.09721204346450513      0.09721204346450513      0.09721204346450513      0.09721204346450513      0.09721204346450513      0.09721204346450513      0.09721204346450513      0.09721204346450513      0.09721204346450513      0.09721204346450513
0.5                       0                        0.09642291767461147      0.09642291767461147      0.09642291767461147      0.09642291767461147      0.09642291767461147      0.09642291767461147      0.09642291767461147      0.09642291767461147      0.09642291767461147      0.09642291767461147      0.09642291767461147      0.09642291767461147      0.09642291767461147
0.5                       19.59999999999999        0.020749194170088827     0.020749194170088827     0.020749194170088827     0.020749194170088827     0.020749194170088827     0.020749194170088827     0.020749194170088827     0.020749194170088827     0.020749194170088827     0.020749194170088827     0.020749194170088827     0.020749194170088827     0.020749194170088827
0.5                       19.806535947712415       0.01993829748002586      0.01993829748002586      0.01993829748002586      0.01993829748002586      0.01993829748002586      0.01993829748002586      0.01993829748002586      0.01993829748002586      0.01993829748002586      0.01993829748002586      0.01993829748002586      0.01993829748002586      0.01993829748002586
0.5                       20                       0.019178780298009835     0.019178780298009835     0.019178780298009835     0.019178780298009835     0.019178780298009835     0.019178780298009835     0.019178780298009835     0.019178780298009835     0.019178780298009835     0.019178780298009835     0.019178780298009835     0.019178780298009835     0.019178780298009835
0.5                       19.19999999999999        0.02227299242283101      0.02227299242283101      0.02227299242283101      0.02227299242283101      0.02227299242283101      0.02227299242283101      0.02227299242283101      0.02227299242283101      0.02227299242283101      0.02227299242283101      0.02227299242283101      0.02227299242283101      0.02227299242283101
0.5                       19.406535947712403       0.02148621977640774      0.02148621977640774      0.02148621977640774      0.02148621977640774      0.02148621977640774      0.02148621977640774      0.02148621977640774      0.02148621977640774      0.02148621977640774      0.02148621977640774      0.02148621977640774      0.02148621977640774      0.02148621977640774
0.5                       18.79999999999999        0.023835249110094128     0.023835249110094128     0.023835249110094128     0.023835249110094128     0.023835249110094128     0.023835249110094128     0.023835249110094128     0.023835249110094128     0.023835249110094128     0.023835249110094128     0.023835249110094128     0.023835249110094128     0.023835249110094128
0.5                       19.006535947712408       0.023028573824241182     0.023028573824241182     0.023028573824241182     0.023028573824241182     0.023028573824241182     0.023028573824241182     0.023028573824241182     0.023028573824241182     0.023028573824241182     0.023028573824241182     0.023028573824241182     0.023028573824241182     0.023028573824241182
0.5                       18.39999999999999        0.025365463468080673     0.025365463468080673     0.025365463468080673     0.025365463468080673     0.025365463468080673     0.025365463468080673     0.025365463468080673     0.025365463468080673     0.025365463468080673     0.025365463468080673     0.025365463468080673     0.025365463468080673     0.025365463468080673
0.5                       18.60653594771241        0.02457537068416639      0.02457537068416639      0.02457537068416639      0.02457537068416639      0.02457537068416639      0.02457537068416639      0.02457537068416639      0.02457537068416639      0.02457537068416639      0.02457537068416639      0.02457537068416639      0.02457537068416639      0.02457537068416639
0.5                       17.999999999999993       0.026922537138973926     0.026922537138973926     0.026922537138973926     0.026922537138973926     0.026922537138973926     0.026922537138973926     0.026922537138973926     0.026922537138973926     0.026922537138973926     0.026922537138973926     0.026922537138973926     0.026922537138973926     0.026922537138973926
0.5                       18.20653594771241        0.026118541344856763     0.026118541344856763     0.026118541344856763     0.026118541344856763     0.026118541344856763     0.026118541344856763     0.026118541344856763     0.026118541344856763     0.026118541344856763     0.026118541344856763     0.026118541344856763     0.026118541344856763     0.026118541344856763
0.5                       17.599999999999994       0.02845697147942507      0.02845697147942507      0.02845697147942507      0.02845697147942507      0.02845697147942507      0.02845697147942507      0.02845697147942507      0.02845697147942507      0.02845697147942507      0.02845697147942507      0.02845697147942507      0.02845697147942507      0.02845697147942507
0.5                       17.806535947712412       0.02766469808884571      0.02766469808884571      0.02766469808884571      0.02766469808884571      0.02766469808884571      0.02766469808884571      0.02766469808884571      0.02766469808884571      0.02766469808884571      0.02766469808884571      0.02766469808884571      0.02766469808884571      0.02766469808884571
0.5                       17.2                     0.030010622248446167     0.030010622248446167     0.030010622248446167     0.030010622248446167     0.030010622248446167     0.030010622248446167     0.030010622248446167     0.030010622248446167     0.030010622248446167     0.030010622248446167     0.030010622248446167     0.030010622248446167     0.030010622248446167
0.5                       17.406535947712413       0.02920839608833692      0.02920839608833692      0.02920839608833692      0.02920839608833692      0.02920839608833692      0.02920839608833692      0.02920839608833692      0.02920839608833692      0.02920839608833692      0.02920839608833692      0.02920839608833692      0.02920839608833692      0.02920839608833692
0.5                       16.8                     0.03154788065289592      0.03154788065289592      0.03154788065289592      0.03154788065289592      0.03154788065289592      0.03154788065289592      0.03154788065289592      0.03154788065289592      0.03154788065289592      0.03154788065289592      0.03154788065289592      0.03154788065289592      0.03154788065289592
0.5                       17.006535947712415       0.03075414485484576      0.03075414485484576      0.03075414485484576      0.03075414485484576      0.03075414485484576      0.03075414485484576      0.03075414485484576      0.03075414485484576      0.03075414485484576      0.03075414485484576      0.03075414485484576      0.03075414485484576      0.03075414485484576
0.5                       16.400000000000006       0.033099137559253776     0.033099137559253776     0.033099137559253776     0.033099137559253776     0.033099137559253776     0.033099137559253776     0.033099137559253776     0.033099137559253776     0.033099137559253776     0.033099137559253776     0.033099137559253776     0.033099137559253776     0.033099137559253776
0.5                       16.606535947712416       0.03229815042624226      0.03229815042624226      0.03229815042624226      0.03229815042624226      0.03229815042624226      0.03229815042624226      0.03229815042624226      0.03229815042624226      0.03229815042624226      0.03229815042624226      0.03229815042624226      0.03229815042624226      0.03229815042624226
0.5                       16.000000000000007       0.03463840816520988      0.03463840816520988      0.03463840816520988      0.03463840816520988      0.03463840816520988      0.03463840816520988      0.03463840816520988      0.03463840816520988      0.03463840816520988      0.03463840816520988      0.03463840816520988      0.03463840816520988      0.03463840816520988
0.5                       16.206535947712418       0.03384363156266479      0.03384363156266479      0.03384363156266479      0.03384363156266479      0.03384363156266479      0.03384363156266479      0.03384363156266479      0.03384363156266479      0.03384363156266479      0.03384363156266479      0.03384363156266479      0.03384363156266479      0.03384363156266479
0.5                       15.599999999999998       0.03618801080684335      0.03618801080684335      0.03618801080684335      0.03618801080684335      0.03618801080684335      0.03618801080684335      0.03618801080684335      0.03618801080684335      0.03618801080684335      0.03618801080684335      0.03618801080684335      0.03618801080684335      0.03618801080684335
0.5                       15.806535947712419       0.03538788129890455      0.03538788129890455      0.03538788129890455      0.03538788129890455      0.03538788129890455      0.03538788129890455      0.03538788129890455      0.03538788129890455      0.03538788129890455      0.03538788129890455      0.03538788129890455      0.03538788129890455      0.03538788129890455
0.5                       15.200000000000003       0.03772867868859646      0.03772867868859646      0.03772867868859646      0.03772867868859646      0.03772867868859646      0.03772867868859646      0.03772867868859646      0.03772867868859646      0.03772867868859646      0.03772867868859646      0.03772867868859646      0.03772867868859646      0.03772867868859646
0.5                       15.406535947712417       0.03693317727706648      0.03693317727706648      0.03693317727706648      0.03693317727706648      0.03693317727706648      0.03693317727706648      0.03693317727706648      0.03693317727706648      0.03693317727706648      0.03693317727706648      0.03693317727706648      0.03693317727706648      0.03693317727706648
0.5                       14.8                     0.03927704763015358      0.03927704763015358      0.03927704763015358      0.03927704763015358      0.03927704763015358      0.03927704763015358      0.03927704763015358      0.03927704763015358      0.03927704763015358      0.03927704763015358      0.03927704763015358      0.03927704763015358      0.03927704763015358
0.5                       15.006535947712415       0.03847755615443432      0.03847755615443432      0.03847755615443432      0.03847755615443432      0.03847755615443432      0.03847755615443432      0.03847755615443432      0.03847755615443432      0.03847755615443432      0.03847755615443432      0.03847755615443432      0.03847755615443432      0.03847755615443432
0.5                       14.400000000000006       0.04081876934348619      0.04081876934348619      0.04081876934348619      0.04081876934348619      0.04081876934348619      0.04081876934348619      0.04081876934348619      0.04081876934348619      0.04081876934348619      0.04081876934348619      0.04081876934348619      0.04081876934348619      0.04081876934348619
0.5                       14.606535947712416       0.04002272302826638      0.04002272302826638      0.04002272302826638      0.04002272302826638      0.04002272302826638      0.04002272302826638      0.04002272302826638      0.04002272302826638      0.04002272302826638      0.04002272302826638      0.04002272302826638      0.04002272302826638      0.04002272302826638
0.5                       13.999999999999996       0.042366288067894387     0.042366288067894387     0.042366288067894387     0.042366288067894387     0.042366288067894387     0.042366288067894387     0.042366288067894387     0.042366288067894387     0.042366288067894387     0.042366288067894387     0.042366288067894387     0.042366288067894387     0.042366288067894387
0.5                       14.206535947712414       0.04156723805612733      0.04156723805612733      0.04156723805612733      0.04156723805612733      0.04156723805612733      0.04156723805612733      0.04156723805612733      0.04156723805612733      0.04156723805612733      0.04156723805612733      0.04156723805612733      0.04156723805612733      0.04156723805612733
0.5                       13.599999999999998       0.04390872766447838      0.04390872766447838      0.04390872766447838      0.04390872766447838      0.04390872766447838      0.04390872766447838      0.04390872766447838      0.04390872766447838      0.04390872766447838      0.04390872766447838      0.04390872766447838      0.04390872766447838      0.04390872766447838
0.5                       13.806535947712415       0.043112308391246516     0.043112308391246516     0.043112308391246516     0.043112308391246516     0.043112308391246516     0.043112308391246516     0.043112308391246516     0.043112308391246516     0.043112308391246516     0.043112308391246516     0.043112308391246516     0.043112308391246516     0.043112308391246516
0.5                       13.2                     0.04545559233161034      0.04545559233161034      0.04545559233161034      0.04545559233161034      0.04545559233161034      0.04545559233161034      0.04545559233161034      0.04545559233161034      0.04545559233161034      0.04545559233161034      0.04545559233161034      0.04545559233161034      0.04545559233161034
0.5                       13.40653594771241        0.04465688018343845      0.04465688018343845      0.04465688018343845      0.04465688018343845      0.04465688018343845      0.04465688018343845      0.04465688018343845      0.04465688018343845      0.04465688018343845      0.04465688018343845      0.04465688018343845      0.04465688018343845      0.04465688018343845
0.5                       12.800000000000004       0.04699858738062071      0.04699858738062071      0.04699858738062071      0.04699858738062071      0.04699858738062071      0.04699858738062071      0.04699858738062071      0.04699858738062071      0.04699858738062071      0.04699858738062071      0.04699858738062071      0.04699858738062071      0.04699858738062071
0.5                       13.006535947712415       0.04620188134385669      0.04620188134385669      0.04620188134385669      0.04620188134385669      0.04620188134385669      0.04620188134385669      0.04620188134385669      0.04620188134385669      0.04620188134385669      0.04620188134385669      0.04620188134385669      0.04620188134385669      0.04620188134385669
0.5                       12.400000000000002       0.04854503287940323      0.04854503287940323      0.04854503287940323      0.04854503287940323      0.04854503287940323      0.04854503287940323      0.04854503287940323      0.04854503287940323      0.04854503287940323      0.04854503287940323      0.04854503287940323      0.04854503287940323      0.04854503287940323
0.5                       12.606535947712416       0.04774653894829242      0.04774653894829242      0.04774653894829242      0.04774653894829242      0.04774653894829242      0.04774653894829242      0.04774653894829242      0.04774653894829242      0.04774653894829242      0.04774653894829242      0.04774653894829242      0.04774653894829242      0.04774653894829242
0.5                       12                       0.05008837093913711      0.05008837093913711      0.05008837093913711      0.05008837093913711      0.05008837093913711      0.05008837093913711      0.05008837093913711      0.05008837093913711      0.05008837093913711      0.05008837093913711      0.05008837093913711      0.05008837093913711      0.05008837093913711
0.5                       12.206535947712414       0.04929148615154694      0.04929148615154694      0.04929148615154694      0.04929148615154694      0.04929148615154694      0.04929148615154694      0.04929148615154694      0.04929148615154694      0.04929148615154694      0.04929148615154694      0.04929148615154694      0.04929148615154694      0.04929148615154694
0.5                       11.599999999999998       0.05163449113038224      0.05163449113038224      0.05163449113038224      0.05163449113038224      0.05163449113038224      0.05163449113038224      0.05163449113038224      0.05163449113038224      0.05163449113038224      0.05163449113038224      0.05163449113038224      0.05163449113038224      0.05163449113038224
0.5                       11.806535947712412       0.05083616467422812      0.05083616467422812      0.05083616467422812      0.05083616467422812      0.05083616467422812      0.05083616467422812      0.05083616467422812      0.05083616467422812      0.05083616467422812      0.05083616467422812      0.05083616467422812      0.05083616467422812      0.05083616467422812
0.5                       11.200000000000003       0.05317809318542072      0.05317809318542072      0.05317809318542072      0.05317809318542072      0.05317809318542072      0.05317809318542072      0.05317809318542072      0.05317809318542072      0.05317809318542072      0.05317809318542072      0.05317809318542072      0.05317809318542072      0.05317809318542072
0.5                       11.406535947712413       0.05238107265646861      0.05238107265646861      0.05238107265646861      0.05238107265646861      0.05238107265646861      0.05238107265646861      0.05238107265646861      0.05238107265646861      0.05238107265646861      0.05238107265646861      0.05238107265646861      0.05238107265646861      0.05238107265646861
0.5                       10.799999999999999       0.0547240557814775       0.0547240557814775       0.0547240557814775       0.0547240557814775       0.0547240557814775       0.0547240557814775       0.0547240557814775       0.0547240557814775       0.0547240557814775       0.0547240557814775       0.0547240557814775       0.0547240557814775       0.0547240557814775
0.5                       11.006535947712415       0.05392581202543269      0.05392581202543269      0.05392581202543269      0.05392581202543269      0.05392581202543269      0.05392581202543269      0.05392581202543269      0.05392581202543269      0.05392581202543269      0.05392581202543269      0.05392581202543269      0.05392581202543269      0.05392581202543269
0.5                       10.399999999999999       0.056267763528946454     0.056267763528946454     0.056267763528946454     0.056267763528946454     0.056267763528946454     0.056267763528946454     0.056267763528946454     0.056267763528946454     0.056267763528946454     0.056267763528946454     0.056267763528946454     0.056267763528946454     0.056267763528946454
0.5                       10.606535947712413       0.055470687223818954     0.055470687223818954     0.055470687223818954     0.055470687223818954     0.055470687223818954     0.055470687223818954     0.055470687223818954     0.055470687223818954     0.055470687223818954     0.055470687223818954     0.055470687223818954     0.055470687223818954     0.055470687223818954
0.5                       9.999999999999996        0.0578136187949153       0.0578136187949153       0.0578136187949153       0.0578136187949153       0.0578136187949153       0.0578136187949153       0.0578136187949153       0.0578136187949153       0.0578136187949153       0.0578136187949153       0.0578136187949153       0.0578136187949153       0.0578136187949153
0.5                       10.206535947712414       0.05701542957575949      0.05701542957575949      0.05701542957575949      0.05701542957575949      0.05701542957575949      0.05701542957575949      0.05701542957575949      0.05701542957575949      0.05701542957575949      0.05701542957575949      0.05701542957575949      0.05701542957575949      0.05701542957575949
0.5                       9.599999999999998        0.05935738644756404      0.05935738644756404      0.05935738644756404      0.05935738644756404      0.05935738644756404      0.05935738644756404      0.05935738644756404      0.05935738644756404      0.05935738644756404      0.05935738644756404      0.05935738644756404      0.05935738644756404      0.05935738644756404
0.5                       9.806535947712414        0.05856028020442443      0.05856028020442443      0.05856028020442443      0.05856028020442443      0.05856028020442443      0.05856028020442443      0.05856028020442443      0.05856028020442443      0.05856028020442443      0.05856028020442443      0.05856028020442443      0.05856028020442443      0.05856028020442443
0.5                       9.2                      0.06090327987545992      0.06090327987545992      0.06090327987545992      0.06090327987545992      0.06090327987545992      0.06090327987545992      0.06090327987545992      0.06090327987545992      0.06090327987545992      0.06090327987545992      0.06090327987545992      0.06090327987545992      0.06090327987545992
0.5                       9.406535947712412        0.060105071978429514     0.060105071978429514     0.060105071978429514     0.060105071978429514     0.060105071978429514     0.060105071978429514     0.060105071978429514     0.060105071978429514     0.060105071978429514     0.060105071978429514     0.060105071978429514     0.060105071978429514     0.060105071978429514
0.5                       8.799999999999999        0.06244696180865965      0.06244696180865965      0.06244696180865965      0.06244696180865965      0.06244696180865965      0.06244696180865965      0.06244696180865965      0.06244696180865965      0.06244696180865965      0.06244696180865965      0.06244696180865965      0.06244696180865965      0.06244696180865965
0.5                       9.006535947712413        0.06164989872111276      0.06164989872111276      0.06164989872111276      0.06164989872111276      0.06164989872111276      0.06164989872111276      0.06164989872111276      0.06164989872111276      0.06164989872111276      0.06164989872111276      0.06164989872111276      0.06164989872111276      0.06164989872111276
0.5                       8.4                      0.06399293723496755      0.06399293723496755      0.06399293723496755      0.06399293723496755      0.06399293723496755      0.06399293723496755      0.06399293723496755      0.06399293723496755      0.06399293723496755      0.06399293723496755      0.06399293723496755      0.06399293723496755      0.06399293723496755
0.5                       8.606535947712414        0.06319468588657884      0.06319468588657884      0.06319468588657884      0.06319468588657884      0.06319468588657884      0.06319468588657884      0.06319468588657884      0.06319468588657884      0.06319468588657884      0.06319468588657884      0.06319468588657884      0.06319468588657884      0.06319468588657884
0.5                       7.999999999999998        0.0655364890897151       0.0655364890897151       0.0655364890897151       0.0655364890897151       0.0655364890897151       0.0655364890897151       0.0655364890897151       0.0655364890897151       0.0655364890897151       0.0655364890897151       0.0655364890897151       0.0655364890897151       0.0655364890897151
0.5                       8.206535947712414        0.06473949453897168      0.06473949453897168      0.06473949453897168      0.06473949453897168      0.06473949453897168      0.06473949453897168      0.06473949453897168      0.06473949453897168      0.06473949453897168      0.06473949453897168      0.06473949453897168      0.06473949453897168      0.06473949453897168
0.5                       7.599999999999998        0.06708269757537608      0.06708269757537608      0.06708269757537608      0.06708269757537608      0.06708269757537608      0.06708269757537608      0.06708269757537608      0.06708269757537608      0.06708269757537608      0.06708269757537608      0.06708269757537608      0.06708269757537608      0.06708269757537608
0.5                       7.806535947712412        0.06628432649353584      0.06628432649353584      0.06628432649353584      0.06628432649353584      0.06628432649353584      0.06628432649353584      0.06628432649353584      0.06628432649353584      0.06628432649353584      0.06628432649353584      0.06628432649353584      0.06628432649353584      0.06628432649353584
0.5                       7.200000000000003        0.06862595769844741      0.06862595769844741      0.06862595769844741      0.06862595769844741      0.06862595769844741      0.06862595769844741      0.06862595769844741      0.06862595769844741      0.06862595769844741      0.06862595769844741      0.06862595769844741      0.06862595769844741      0.06862595769844741
0.5                       7.406535947712413        0.06782911294692306      0.06782911294692306      0.06782911294692306      0.06782911294692306      0.06782911294692306      0.06782911294692306      0.06782911294692306      0.06782911294692306      0.06782911294692306      0.06782911294692306      0.06782911294692306      0.06782911294692306      0.06782911294692306
0.5                       6.799999999999999        0.07017247240338292      0.07017247240338292      0.07017247240338292      0.07017247240338292      0.07017247240338292      0.07017247240338292      0.07017247240338292      0.07017247240338292      0.07017247240338292      0.07017247240338292      0.07017247240338292      0.07017247240338292      0.07017247240338292
0.5                       7.006535947712415        0.06937394213909215      0.06937394213909215      0.06937394213909215      0.06937394213909215      0.06937394213909215      0.06937394213909215      0.06937394213909215      0.06937394213909215      0.06937394213909215      0.06937394213909215      0.06937394213909215      0.06937394213909215      0.06937394213909215
0.5                       6.400000000000002        0.07171535646987738      0.07171535646987738      0.07171535646987738      0.07171535646987738      0.07171535646987738      0.07171535646987738      0.07171535646987738      0.07171535646987738      0.07171535646987738      0.07171535646987738      0.07171535646987738      0.07171535646987738      0.07171535646987738
0.5                       6.606535947712416        0.07091870802856497      0.07091870802856497      0.07091870802856497      0.07091870802856497      0.07091870802856497      0.07091870802856497      0.07091870802856497      0.07091870802856497      0.07091870802856497      0.07091870802856497      0.07091870802856497      0.07091870802856497      0.07091870802856497
0.5                       6.000000000000002        0.07326237482642653      0.07326237482642653      0.07326237482642653      0.07326237482642653      0.07326237482642653      0.07326237482642653      0.07326237482642653      0.07326237482642653      0.07326237482642653      0.07326237482642653      0.07326237482642653      0.07326237482642653      0.07326237482642653
0.5                       6.206535947712418        0.07246358325363783      0.07246358325363783      0.07246358325363783      0.07246358325363783      0.07246358325363783      0.07246358325363783      0.07246358325363783      0.07246358325363783      0.07246358325363783      0.07246358325363783      0.07246358325363783      0.07246358325363783      0.07246358325363783
0.5                       5.600000000000003        0.07480466629936637      0.07480466629936637      0.07480466629936637      0.07480466629936637      0.07480466629936637      0.07480466629936637      0.07480466629936637      0.07480466629936637      0.07480466629936637      0.07480466629936637      0.07480466629936637      0.07480466629936637      0.07480466629936637
0.5                       5.806535947712417        0.07400832435165267      0.07400832435165267      0.07400832435165267      0.07400832435165267      0.07400832435165267      0.07400832435165267      0.07400832435165267      0.07400832435165267      0.07400832435165267      0.07400832435165267      0.07400832435165267      0.07400832435165267      0.07400832435165267
0.5                       5.200000000000005        0.07635232569485481      0.07635232569485481      0.07635232569485481      0.07635232569485481      0.07635232569485481      0.07635232569485481      0.07635232569485481      0.07635232569485481      0.07635232569485481      0.07635232569485481      0.07635232569485481      0.07635232569485481      0.07635232569485481
0.5                       5.406535947712417        0.07555320132488848      0.07555320132488848      0.07555320132488848      0.07555320132488848      0.07555320132488848      0.07555320132488848      0.07555320132488848      0.07555320132488848      0.07555320132488848      0.07555320132488848      0.07555320132488848      0.07555320132488848      0.07555320132488848
0.5                       4.800000000000001        0.07789386771879268      0.07789386771879268      0.07789386771879268      0.07789386771879268      0.07789386771879268      0.07789386771879268      0.07789386771879268      0.07789386771879268      0.07789386771879268      0.07789386771879268      0.07789386771879268      0.07789386771879268      0.07789386771879268
0.5                       5.006535947712415        0.07709791523940691      0.07709791523940691      0.07709791523940691      0.07709791523940691      0.07709791523940691      0.07709791523940691      0.07709791523940691      0.07709791523940691      0.07709791523940691      0.07709791523940691      0.07709791523940691      0.07709791523940691      0.07709791523940691
0.5                       4.399999999999999        0.07944245021789606      0.07944245021789606      0.07944245021789606      0.07944245021789606      0.07944245021789606      0.07944245021789606      0.07944245021789606      0.07944245021789606      0.07944245021789606      0.07944245021789606      0.07944245021789606      0.07944245021789606      0.07944245021789606
0.5                       4.606535947712414        0.07864284757847222      0.07864284757847222      0.07864284757847222      0.07864284757847222      0.07864284757847222      0.07864284757847222      0.07864284757847222      0.07864284757847222      0.07864284757847222      0.07864284757847222      0.07864284757847222      0.07864284757847222      0.07864284757847222
0.5                       4                        0.08098293028260589      0.08098293028260589      0.08098293028260589      0.08098293028260589      0.08098293028260589      0.08098293028260589      0.08098293028260589      0.08098293028260589      0.08098293028260589      0.08098293028260589      0.08098293028260589      0.08098293028260589      0.08098293028260589
0.5                       4.206535947712414        0.08018752878019167      0.08018752878019167      0.08018752878019167      0.08018752878019167      0.08018752878019167      0.08018752878019167      0.08018752878019167      0.08018752878019167      0.08018752878019167      0.08018752878019167      0.08018752878019167      0.08018752878019167      0.08018752878019167
0.5                       3.6000000000000014       0.0825326785713856       0.0825326785713856       0.0825326785713856       0.0825326785713856       0.0825326785713856       0.0825326785713856       0.0825326785713856       0.0825326785713856       0.0825326785713856       0.0825326785713856       0.0825326785713856       0.0825326785713856       0.0825326785713856
0.5                       3.8065359477124154       0.08173246740309584      0.08173246740309584      0.08173246740309584      0.08173246740309584      0.08173246740309584      0.08173246740309584      0.08173246740309584      0.08173246740309584      0.08173246740309584      0.08173246740309584      0.08173246740309584      0.08173246740309584      0.08173246740309584
0.5                       3.200000000000003        0.08407177361888893      0.08407177361888893      0.08407177361888893      0.08407177361888893      0.08407177361888893      0.08407177361888893      0.08407177361888893      0.08407177361888893      0.08407177361888893      0.08407177361888893      0.08407177361888893      0.08407177361888893      0.08407177361888893
0.5                       3.406535947712417        0.08327709372003915      0.08327709372003915      0.08327709372003915      0.08327709372003915      0.08327709372003915      0.08327709372003915      0.08327709372003915      0.08327709372003915      0.08327709372003915      0.08327709372003915      0.08327709372003915      0.08327709372003915      0.08327709372003915
0.5                       2.8000000000000034       0.0856232748880181       0.0856232748880181       0.0856232748880181       0.0856232748880181       0.0856232748880181       0.0856232748880181       0.0856232748880181       0.0856232748880181       0.0856232748880181       0.0856232748880181       0.0856232748880181       0.0856232748880181       0.0856232748880181
0.5                       3.0065359477124165       0.08482215625227785      0.08482215625227785      0.08482215625227785      0.08482215625227785      0.08482215625227785      0.08482215625227785      0.08482215625227785      0.08482215625227785      0.08482215625227785      0.08482215625227785      0.08482215625227785      0.08482215625227785      0.08482215625227785
0.5                       2.400000000000004        0.08716025249827243      0.08716025249827243      0.08716025249827243      0.08716025249827243      0.08716025249827243      0.08716025249827243      0.08716025249827243      0.08716025249827243      0.08716025249827243      0.08716025249827243      0.08716025249827243      0.08716025249827243      0.08716025249827243
0.5                       2.606535947712418        0.08636666694290937      0.08636666694290937      0.08636666694290937      0.08636666694290937      0.08636666694290937      0.08636666694290937      0.08636666694290937      0.08636666694290937      0.08636666694290937      0.08636666694290937      0.08636666694290937      0.08636666694290937      0.08636666694290937
0.5                       2.0000000000000053       0.08871416851559394      0.08871416851559394      0.08871416851559394      0.08871416851559394      0.08871416851559394      0.08871416851559394      0.08871416851559394      0.08871416851559394      0.08871416851559394      0.08871416851559394      0.08871416851559394      0.08871416851559394      0.08871416851559394
0.5                       2.2065359477124193       0.08791180262563145      0.08791180262563145      0.08791180262563145      0.08791180262563145      0.08791180262563145      0.08791180262563145      0.08791180262563145      0.08791180262563145      0.08791180262563145      0.08791180262563145      0.08791180262563145      0.08791180262563145      0.08791180262563145
0.5                       1.600000000000005        0.0902483788208494       0.0902483788208494       0.0902483788208494       0.0902483788208494       0.0902483788208494       0.0902483788208494       0.0902483788208494       0.0902483788208494       0.0902483788208494       0.0902483788208494       0.0902483788208494       0.0902483788208494       0.0902483788208494
0.5                       1.806535947712419        0.08945622561894573      0.08945622561894573      0.08945622561894573      0.08945622561894573      0.08945622561894573      0.08945622561894573      0.08945622561894573      0.08945622561894573      0.08945622561894573      0.08945622561894573      0.08945622561894573      0.08945622561894573      0.08945622561894573
0.5                       1.2000000000000064       0.09180549331904597      0.09180549331904597      0.09180549331904597      0.09180549331904597      0.09180549331904597      0.09180549331904597      0.09180549331904597      0.09180549331904597      0.09180549331904597      0.09180549331904597      0.09180549331904597      0.09180549331904597      0.09180549331904597
0.5                       1.4065359477124195       0.09100146887948295      0.09100146887948295      0.09100146887948295      0.09100146887948295      0.09100146887948295      0.09100146887948295      0.09100146887948295      0.09100146887948295      0.09100146887948295      0.09100146887948295      0.09100146887948295      0.09100146887948295      0.09100146887948295
0.5                       0.8000000000000069       0.09333606749593384      0.09333606749593384      0.09333606749593384      0.09333606749593384      0.09333606749593384      0.09333606749593384      0.09333606749593384      0.09333606749593384      0.09333606749593384      0.09333606749593384      0.09333606749593384      0.09333606749593384      0.09333606749593384
0.5                       1.0065359477124218       0.09254580004819515      0.09254580004819515      0.09254580004819515      0.09254580004819515      0.09254580004819515      0.09254580004819515      0.09254580004819515      0.09254580004819515      0.09254580004819515      0.09254580004819515      0.09254580004819515      0.09254580004819515      0.09254580004819515
0.5                       0.4000000000000039       0.0948974667508573       0.0948974667508573       0.0948974667508573       0.0948974667508573       0.0948974667508573       0.0948974667508573       0.0948974667508573       0.0948974667508573       0.0948974667508573       0.0948974667508573       0.0948974667508573       0.0948974667508573       0.0948974667508573
0.5                       0.6065359477124224       0.09409122158350439      0.09409122158350439      0.09409122158350439      0.09409122158350439      0.09409122158350439      0.09409122158350439      0.09409122158350439      0.09409122158350439      0.09409122158350439      0.09409122158350439      0.09409122158350439      0.09409122158350439      0.09409122158350439
0.5                       0.20653594771241934      0.0956353006838988       0.0956353006838988       0.0956353006838988       0.0956353006838988       0.0956353006838988       0.0956353006838988       0.0956353006838988       0.0956353006838988       0.0956353006838988       0.0956353006838988       0.0956353006838988       0.0956353006838988       0.0956353006838988
0.5                       24.58333333333333        0.0013734046230814215    0.0013734046230814215    0.0013734046230814215    0.0013734046230814215    0.0013734046230814215    0.0013734046230814215    0.0013734046230814215    0.0013734046230814215    0.0013734046230814215    0.0013734046230814215    0.0013734046230814215    0.0013734046230814215    0.0013734046230814215
0.5                       24.79847494553377        8.049469459066052E-4     8.049469459066052E-4     8.049469459066052E-4     8.049469459066052E-4     8.049469459066052E-4     8.049469459066052E-4     8.049469459066052E-4     8.049469459066052E-4     8.049469459066052E-4     8.049469459066052E-4     8.049469459066052E-4     8.049469459066052E-4     8.049469459066052E-4
0.5                       25                       5.580971331263634E-4     5.580971331263634E-4     5.580971331263634E-4     5.580971331263634E-4     5.580971331263634E-4     5.580971331263634E-4     5.580971331263634E-4     5.580971331263634E-4     5.580971331263634E-4     5.580971331263634E-4     5.580971331263634E-4     5.580971331263634E-4     5.580971331263634E-4
0.5                       24.16666666666667        0.003060325875568994     0.003060325875568994     0.003060325875568994     0.003060325875568994     0.003060325875568994     0.003060325875568994     0.003060325875568994     0.003060325875568994     0.003060325875568994     0.003060325875568994     0.003060325875568994     0.003060325875568994     0.003060325875568994
0.5                       24.3818082788671         0.002238750855552104     0.002238750855552104     0.002238750855552104     0.002238750855552104     0.002238750855552104     0.002238750855552104     0.002238750855552104     0.002238750855552104     0.002238750855552104     0.002238750855552104     0.002238750855552104     0.002238750855552104     0.002238750855552104
0.5                       23.75                    0.00476027345774396      0.00476027345774396      0.00476027345774396      0.00476027345774396      0.00476027345774396      0.00476027345774396      0.00476027345774396      0.00476027345774396      0.00476027345774396      0.00476027345774396      0.00476027345774396      0.00476027345774396      0.00476027345774396
0.5                       23.965141612200433       0.003858971691970733     0.003858971691970733     0.003858971691970733     0.003858971691970733     0.003858971691970733     0.003858971691970733     0.003858971691970733     0.003858971691970733     0.003858971691970733     0.003858971691970733     0.003858971691970733     0.003858971691970733     0.003858971691970733
0.5                       23.33333333333334        0.006253749225854637     0.006253749225854637     0.006253749225854637     0.006253749225854637     0.006253749225854637     0.006253749225854637     0.006253749225854637     0.006253749225854637     0.006253749225854637     0.006253749225854637     0.006253749225854637     0.006253749225854637     0.006253749225854637
0.5                       23.54847494553377        0.005493780971295193     0.005493780971295193     0.005493780971295193     0.005493780971295193     0.005493780971295193     0.005493780971295193     0.005493780971295193     0.005493780971295193     0.005493780971295193     0.005493780971295193     0.005493780971295193     0.005493780971295193     0.005493780971295193
0.5                       22.916666666666668       0.007993605093259883     0.007993605093259883     0.007993605093259883     0.007993605093259883     0.007993605093259883     0.007993605093259883     0.007993605093259883     0.007993605093259883     0.007993605093259883     0.007993605093259883     0.007993605093259883     0.007993605093259883     0.007993605093259883
0.5                       23.131808278867105       0.007090119597327391     0.007090119597327391     0.007090119597327391     0.007090119597327391     0.007090119597327391     0.007090119597327391     0.007090119597327391     0.007090119597327391     0.007090119597327391     0.007090119597327391     0.007090119597327391     0.007090119597327391     0.007090119597327391
0.5                       22.5                     0.009484810810284886     0.009484810810284886     0.009484810810284886     0.009484810810284886     0.009484810810284886     0.009484810810284886     0.009484810810284886     0.009484810810284886     0.009484810810284886     0.009484810810284886     0.009484810810284886     0.009484810810284886     0.009484810810284886
0.5                       22.71514161220043        0.008717056246083623     0.008717056246083623     0.008717056246083623     0.008717056246083623     0.008717056246083623     0.008717056246083623     0.008717056246083623     0.008717056246083623     0.008717056246083623     0.008717056246083623     0.008717056246083623     0.008717056246083623     0.008717056246083623
0.5                       22.083333333333332       0.011190346859226156     0.011190346859226156     0.011190346859226156     0.011190346859226156     0.011190346859226156     0.011190346859226156     0.011190346859226156     0.011190346859226156     0.011190346859226156     0.011190346859226156     0.011190346859226156     0.011190346859226156     0.011190346859226156
0.5                       22.298474945533766       0.010308715281821992     0.010308715281821992     0.010308715281821992     0.010308715281821992     0.010308715281821992     0.010308715281821992     0.010308715281821992     0.010308715281821992     0.010308715281821992     0.010308715281821992     0.010308715281821992     0.010308715281821992     0.010308715281821992
0.5                       21.666666666666664       0.012721843013371106     0.012721843013371106     0.012721843013371106     0.012721843013371106     0.012721843013371106     0.012721843013371106     0.012721843013371106     0.012721843013371106     0.012721843013371106     0.012721843013371106     0.012721843013371106     0.012721843013371106     0.012721843013371106
0.5                       21.881808278867098       0.011931507296638466     0.011931507296638466     0.011931507296638466     0.011931507296638466     0.011931507296638466     0.011931507296638466     0.011931507296638466     0.011931507296638466     0.011931507296638466     0.011931507296638466     0.011931507296638466     0.011931507296638466     0.011931507296638466
0.5                       21.25                    0.01439244433482858      0.01439244433482858      0.01439244433482858      0.01439244433482858      0.01439244433482858      0.01439244433482858      0.01439244433482858      0.01439244433482858      0.01439244433482858      0.01439244433482858      0.01439244433482858      0.01439244433482858      0.01439244433482858
0.5                       21.465141612200433       0.013529650382581797     0.013529650382581797     0.013529650382581797     0.013529650382581797     0.013529650382581797     0.013529650382581797     0.013529650382581797     0.013529650382581797     0.013529650382581797     0.013529650382581797     0.013529650382581797     0.013529650382581797     0.013529650382581797
0.5                       20.833333333333336       0.015952937500372643     0.015952937500372643     0.015952937500372643     0.015952937500372643     0.015952937500372643     0.015952937500372643     0.015952937500372643     0.015952937500372643     0.015952937500372643     0.015952937500372643     0.015952937500372643     0.015952937500372643     0.015952937500372643
0.5                       21.048474945533762       0.015147287242688687     0.015147287242688687     0.015147287242688687     0.015147287242688687     0.015147287242688687     0.015147287242688687     0.015147287242688687     0.015147287242688687     0.015147287242688687     0.015147287242688687     0.015147287242688687     0.015147287242688687     0.015147287242688687
0.5                       20.41666666666667        0.017601025766429697     0.017601025766429697     0.017601025766429697     0.017601025766429697     0.017601025766429697     0.017601025766429697     0.017601025766429697     0.017601025766429697     0.017601025766429697     0.017601025766429697     0.017601025766429697     0.017601025766429697     0.017601025766429697
0.5                       20.6318082788671         0.016750002816743596     0.016750002816743596     0.016750002816743596     0.016750002816743596     0.016750002816743596     0.016750002816743596     0.016750002816743596     0.016750002816743596     0.016750002816743596     0.016750002816743596     0.016750002816743596     0.016750002816743596     0.016750002816743596
0.5                       20.21514161220044        0.018364154190837853     0.018364154190837853     0.018364154190837853     0.018364154190837853     0.018364154190837853     0.018364154190837853     0.018364154190837853     0.018364154190837853     0.018364154190837853     0.018364154190837853     0.018364154190837853     0.018364154190837853     0.018364154190837853
