% Model:              inside_out_countercurrent_10mins.mph
% Version:            COMSOL 6.3.0.420
% Date:               Apr 23 2026, 15:43
% Dimension:          2
% Nodes:              671
% Expressions:        2
% Description:        Molar concentration, is
% Length unit:        mm
% R                       Z                        is (mol/m^3) @ t=0       is (mol/m^3) @ t=1
0.14943749999999995       19.5                     0.09999999999999999      0.08441893743272072
0.14999999999999997       19.5                     0.09999999999999996      0.08420517987941281
0.14925                   19.5                     0.09999999999999999      0.0844911772231477
0.14860312499999997       19.5                     0.1                      0.08473771073962408
0.1483875                 19.5                     0.1                      0.08482123467797592
0.14764359374999997       19.5                     0.1                      0.08510489220515932
0.14739562499999997       19.5                     0.1                      0.08520153540111533
0.14654013281249997       19.5                     0.1                      0.08552691334839402
0.14625496875             19.5                     0.1                      0.08563879399298967
0.14527115273437496       19.5                     0.1                      0.08601073217877363
0.1449432140625           19.5                     0.1                      0.08614024347332114
0.1426400030249122        19.5                     0.1                      0.08701307013353497
0.14310354024236382       19.5                     0.1                      0.08682813754767293
0.13832423423399637       19.5                     0.1                      0.08861905440930098
0.13935091250300724       19.5                     0.1                      0.08821920390967986
0.132221947047077         19.5                     0.1                      0.09072620213953186
0.13009417349555424       19.5                     0.1                      0.09147810588233077
0.12616986228446517       19.5                     0.1                      0.09258666534283552
0.11477578328682653       19.5                     0.1                      0.09580337066489134
0.10949189162509534       19.5                     0.1                      0.09663057832232416
0.09363961529616446       19.5                     0.1                      0.09914180766624758
0.06611598606338241       19.5                     0.1                      0.099705963324799
0.07299649934328836       19.5                     0.1                      0.09956583031763853
0.05027909832491097       19.5                     0.1                      0.09979293047191568
0.045000000000000005      19.5                     0.1                      0.0998170291542451
0.03374999999999962       19.5                     0.1                      0.09987383561147775
0.030000000000000013      19.5                     0.1                      0.09989792588648608
0.01874999999999962       19.5                     0.1                      0.09992250998414533
0.015000000000000013      19.5                     0.1                      0.09992884440638601
0.0037499999999996135     19.5                     0.1                      0.09993761375415082
0                         19.5                     0.1                      0.09994114042952772
0.24962499999999999       19.5                     0.06032749903606062      0.019562264840771587
0.25                      19.5                     0.03564411293599853      0.019371766925685555
0.2495                    19.5                     0.06855810536574135      0.019626511390212487
0.24906874999999995       19.5                     0.08454859003823369      0.019846050319029973
0.24892499999999998       19.5                     0.08987967013903844      0.019920096116763493
0.24842906249999996       19.5                     0.09589528579433604      0.02017318549437927
0.24826374999999998       19.5                     0.09790072013912904      0.02025855360690408
0.24769342187499999       19.5                     0.09928033445663223      0.0205504302551065
0.24750331250000002       19.5                     0.09974023756359357      0.020648889815845232
0.24684743515625          19.5                     0.09992511983007077      0.02098564431440287
0.246628809375            19.5                     0.09998653152008141      0.021099253360918824
0.24533243495690912       19.5                     0.10000083299019832      0.021769708932300326
0.24559056706821497       19.5                     0.09999725612574556      0.02163494375828381
0.24342062466285272       19.5                     0.09999993593726202      0.02276347747219779
0.2427769089984991        19.5                     0.09999989401247088      0.02310194700701601
0.2364910887764782        19.5                     0.1000000190601961       0.02643851375146874
0.23801631887625416       19.5                     0.10000001304091864      0.025621913915581378
0.23332072164705595       19.5                     0.10000001801013121      0.028204519866830022
0.22424114413032678       19.5                     0.09999999625552937      0.03320156352991911
0.2185494543204881        19.5                     0.09999999648155064      0.036635780434502704
0.20147313904017206       19.5                     0.10000000102369075      0.04679529137907534
0.17569003371725045       19.5                     0.09999999961500232      0.06415513897530911
0.19502062083880967       19.5                     0.10000000095711543      0.05118771810810195
0.1632713474889952        19.5                     0.10000000014200433      0.07345263409440177
0.1725292601470814        19.5                     0.09999999963993861      0.06654864236632867
0.15778423627875762       19.5                     0.09999999995422296      0.07778858243975023
0.1618528111571208        19.5                     0.100000000133045        0.07458737480782168
0.1570998087621429        19.5                     0.09999999995701686      0.07835082004037372
0.15490673802214705       19.5                     0.10000000001204681      0.08012302936019808
0.153371190625            19.5                     0.09999999999829502      0.08138622965486055
0.15368020487778067       19.5                     0.09999999999888003      0.08112918581609825
0.15271531328124996       19.5                     0.09999999999991122      0.08192832800810092
0.15249668749999998       19.5                     0.09999999999991936      0.08211149829380834
0.15192635937499996       19.5                     0.09999999999999137      0.08258541949711659
0.15173625                19.5                     0.09999999999999254      0.08274554614436222
0.15124031249999997       19.5                     0.09999999999999881      0.08315958512460113
0.15107499999999996       19.5                     0.09999999999999894      0.0832994734217456
0.15064374999999997       19.5                     0.09999999999999978      0.0836609824157884
0.15049999999999997       19.5                     0.0999999999999998       0.08378311847411304
0.15012499999999995       19.5                     0.09999999999999996      0.08409859818132742
0.269925                  19.5                     1.2840160116055457E-13   0.014979290906353932
0.27                      19.5                     1.1232106679675644E-13   0.014963389659737812
0.26990000000000003       19.5                     1.3277422142874756E-13   0.014984615235260552
0.2698137500000001        19.5                     1.5481655807349164E-13   0.01500290866392374
0.26978500000000005       19.5                     1.6084478676259073E-13   0.015009034307614754
0.2696858125              19.5                     1.918871591925128E-13    0.015030081010515887
0.26965275000000005       19.5                     2.004299106478532E-13    0.015037129027413915
0.269538684375            19.5                     2.4552594482847504E-13   0.01506134499568228
0.26950066250000004       19.5                     2.58022263262181E-13     0.015069454881558508
0.2693694870312501        19.5                     3.2591375693141166E-13   0.015097319479621701
0.2693257618750001        19.5                     3.4487399304459236E-13   0.015106652023493507
0.2691749100859375        19.5                     4.513624758115769E-13    0.015138717813115137
0.26912462615625          19.5                     4.813693080625434E-13    0.01514945841089184
0.2689511465988282        19.5                     6.564685545577447E-13    0.015186362553332236
0.2688933200796876        19.5                     7.063280872041809E-13    0.015198725057473484
0.2686938185886524        19.5                     1.010333575512714E-12    0.015241202565220529
0.26862731809164064       19.5                     1.0979817468755223E-12   0.015255433763581959
0.26839789137695025       19.5                     1.6599808562056374E-12   0.015304332925552442
0.26832141580538676       19.5                     1.8244546777872814E-12   0.015320717760803463
0.2680575750834928        19.5                     2.9415995036341397E-12   0.015377018129307338
0.26796962817619485       19.5                     3.2745733488776607E-12   0.015395885792679486
0.2676662113460167        19.5                     5.6900884920210065E-12   0.015460719200021095
0.26756507240262406       19.5                     6.426576016541499E-12    0.015482450260805828
0.2672161430479192        19.5                     1.2185461811243237E-11   0.015557125432465154
0.2670998332630176        19.5                     1.3992522843577365E-11   0.015582160199105804
0.2666985645051071        19.5                     2.937654603256831E-11    0.015668191654714506
0.26656480825247025       19.5                     3.4387616243363397E-11   0.015697040006485738
0.26610334918087314       19.5                     8.131401247072937E-11    0.015796182096957132
0.2659495294903408        19.5                     9.739013755066767E-11    0.01582943507971359
0.2654188515580041        19.5                     2.644202892275853E-10    0.01594372220928624
0.2652419589138919        19.5                     3.2591364959307485E-10   0.015982065758122818
0.26443119658720876       19.5                     1.3194202672634025E-9    0.01615745357359315
0.265039063723111         19.5                     6.162998764209532E-10    0.016026180938150215
0.2634244894525062        19.5                     7.777381432640841E-9     0.016375973103508662
0.2641791202901246        19.5                     3.5850806858739476E-9    0.016212464517456115
0.2621533342933708        19.5                     -5.6495572811441024E-9   0.016653129110909222
0.2630820550142414        19.5                     9.628374563789737E-9     0.016451072098196774
0.26018314589816766       19.5                     -5.103212474787896E-7    0.017085312152660844
0.26163797638683073       19.5                     -1.9757459592487605E-7   0.016766937423357206
0.2594421765207534        19.5                     9.089075312662064E-7     0.017250610397910614
0.257029245352394         19.5                     3.256277843852912E-6     0.017783777702415342
0.25425642911500695       19.5                     -2.632236078201022E-5    0.018405023228561527
0.25632089414521814       19.5                     -7.165772563080043E-6    0.017943731152659122
0.2525292896227953        19.5                     0.001026799844359209     0.018795373194665635
0.25381524765236196       19.5                     2.745866000476774E-4     0.018505572962313026
0.25145447938920834       19.5                     0.006098368399482853     0.01903961652746027
0.2522548069842845        19.5                     0.002527838103627641     0.01885828682538182
0.25133807429714966       19.5                     0.007698276597949485     0.01906638145492063
0.25094797724340695       19.5                     0.012264755627105686     0.019155073075595802
0.25067423812499995       19.5                     0.017297637879649826     0.019217543855111405
0.25072201471174793       19.5                     0.01637302594068522      0.019206550894102052
0.2505430626562499        19.5                     0.020277697863986817     0.019247432404561296
0.2504993375              19.5                     0.02127309607184477      0.019257510594854615
0.2503852718749999        19.5                     0.02423378508086319      0.01928351714270084
0.25034724999999997       19.5                     0.025222059265445164     0.01929228673639198
0.2502480624999999        19.5                     0.028055178336238815     0.0193149136214854
0.25021499999999997       19.5                     0.02900049958513888      0.01932254385874188
0.25012874999999996       19.5                     0.03162332290491806      0.019342228869800474
0.2501                    19.5                     0.032498260851683454     0.01934886726712488
0.250025                  19.5                     0.03485729728663792      0.01936599182703156
1.7997705000000006        19.5                     1.8824431247009038E-181  -1.5852457144401125E-23
1.8000000000000007        19.5                     1.665973552153832E-181   -1.5852349162930212E-23
1.7996940000000006        19.5                     1.9122552140016497E-181  -1.5852464454856288E-23
1.7994300750000005        19.5                     2.789552175526315E-181   -1.5852855357889576E-23
1.7993421000000005        19.5                     2.91037800605346E-181    -1.5852881922562438E-23
1.7990385862500005        19.5                     5.225453271205287E-181   -1.5853683631687605E-23
1.7989374150000004        19.5                     5.544324813416577E-181   -1.585373836561946E-23
1.7985883741875004        19.5                     1.1617208652463034E-180  -1.58551251999617E-23
1.7984720272500005        19.5                     1.245377885149761E-180   -1.5855220379039652E-23
1.7980706303156255        19.5                     3.0024087787624476E-180  -1.5857428684692785E-23
1.7979368313375006        19.5                     3.2444897362909305E-180  -1.585758113758087E-23
1.796974238933692         19.5                     2.2346132201045074E-179  -1.5863696398458622E-23
1.79720189634393          19.5                     2.0545216182201693E-179  -1.5863347245314576E-23
1.7956227454096994        19.5                     -2.4321504429735932E-178 -1.587992132480523E-23
1.7951582060964855        19.5                     -2.679167550463596E-178  -1.5881105086277752E-23
1.7919744991143252        19.5                     1.2210266880735993E-177  -1.5931569445224414E-23
1.7927508734109945        19.5                     1.0913574258485766E-177  -1.592839949919486E-23
1.7872537081147324        19.5                     -3.503291774247867E-177  -1.6089705960044885E-23
1.7856561580497998        19.5                     -3.9515427374118945E-177 -1.6101793794253264E-23
1.7791882858897727        19.5                     1.197705639592516E-176   -1.6458306428509318E-23
1.7770320148802201        19.5                     1.3487169354580002E-176  -1.6486139401106842E-23
1.7685964717471685        19.5                     -4.0951086490409146E-176 -1.7194230912299133E-23
1.7657806845659456        19.5                     -4.6105394733031595E-176 -1.7251140481813384E-23
1.759316028558545         19.5                     1.816834677986927E-175   -1.7990533817950923E-23
1.7571600000000003        19.5                     2.0325638430602805E-175  -1.8050887536153194E-23
1.75257                   19.5                     -8.848776914343502E-175  -1.8690374097487375E-23
1.75104                   19.5                     -9.881014127816912E-175  -1.8743407891789282E-23
1.7464499999999998        19.5                     3.6507361005305937E-174  -1.9490151719421954E-23
1.74492                   19.5                     4.090696841240548E-174   -1.9553245175831414E-23
1.74033                   19.5                     -1.4981162380490254E-173 -2.042292467471385E-23
1.7388000000000001        19.5                     -1.6788603460854025E-173 -2.0498029699422635E-23
1.73421                   19.5                     6.1459120242859834E-173  -2.1511489216119607E-23
1.7326800000000002        19.5                     6.886840042217851E-173   -2.160135085628367E-23
1.72809                   19.5                     -2.521355207897363E-172  -2.2785706315007698E-23
1.72656                   19.5                     -2.825043330057683E-172  -2.2894083283313277E-23
1.7219699999999998        19.5                     1.0344184701996138E-171  -2.4284142978427006E-23
1.72044                   19.5                     1.158890635094517E-171   -2.4416088473726308E-23
1.7158499999999997        19.5                     -4.243980197451904E-171  -2.6056189398598886E-23
1.7143199999999998        19.5                     -4.754147754298095E-171  -2.621841192808463E-23
1.7097299999999997        19.5                     1.741266112751439E-170   -2.816479756441853E-23
1.7082                    19.5                     1.9503642503809023E-170  -2.836612651021207E-23
1.7036099999999998        19.5                     -7.144494463967899E-170  -3.069002574112679E-23
1.70208                   19.5                     -8.001501990104284E-170  -3.094201311287821E-23
1.6974900000000004        19.5                     2.9315158841134545E-169  -3.373362428346167E-23
1.6959600000000008        19.5                     3.2827661467423486E-169  -3.405132296012622E-23
1.6913700000000003        19.5                     -1.202893626977387E-168  -3.742496521644226E-23
1.6898400000000002        19.5                     -1.3468552202326956E-168 -3.7827935654761443E-23
1.6852500000000001        19.5                     4.936012505319457E-168   -4.192870559723547E-23
1.6837200000000003        19.5                     5.526043761294507E-168   -4.244231831865724E-23
1.6791300000000002        19.5                     -2.0255322485140116E-167 -4.7454688977575863E-23
1.6776000000000004        19.5                     -2.2673578121821264E-167 -4.8111810246711225E-23
1.6730100000000003        19.5                     8.312196131186756E-167   -5.427073829350502E-23
1.6714800000000005        19.5                     9.30332163684291E-167    -5.511391271974087E-23
1.6668900000000002        19.5                     -3.411190203306183E-166  -6.271918762595989E-23
1.6653600000000002        19.5                     -3.8174041154168394E-166 -6.380346585591399E-23
1.6607700000000003        19.5                     1.399940072102919E-165   -7.323825309223513E-23
1.6592400000000007        19.5                     1.5664273610757894E-165  -7.463485780597259E-23
1.6546500000000002        19.5                     -5.745477525786046E-165  -8.638967239204442E-23
1.6531200000000001        19.5                     -6.427828749117196E-165  -8.819075473769414E-23
1.6485299999999998        19.5                     2.3580652034226637E-164  -1.0289447141800914E-22
1.647                     19.5                     2.637728798243091E-164   -1.0521928710218722E-22
1.6424100000000001        19.5                     -9.678282628671953E-164  -1.2367927510852236E-22
1.6408800000000003        19.5                     -1.0824495906472383E-163 -1.2668221022211139E-22
1.6362900000000002        19.5                     3.972404063021366E-163   -1.4993630787416718E-22
1.6347600000000004        19.5                     4.442186685277244E-163   -1.5381731654110804E-22
1.6301700000000001        19.5                     -1.6305006434762904E-162 -1.8320117802790118E-22
1.6286400000000003        19.5                     -1.8230450714329707E-162 -1.8821936677650276E-22
1.62405                   19.5                     6.692691151710052E-162   -2.254537779782867E-22
1.62252                   19.5                     7.481856384217621E-162   -2.319450980097641E-22
1.6179299999999999        19.5                     -2.747215049386658E-161  -2.7924924528462917E-22
1.6164                    19.5                     -3.0706659802456707E-161 -2.876495501433768E-22
1.61181                   19.5                     1.1277073290110041E-160  -3.478880335109848E-22
1.6102800000000002        19.5                     1.2602796429537107E-160  -3.587631477842238E-22
1.6056899999999996        19.5                     -4.6292627433535504E-160 -4.356368854243534E-22
1.60416                   19.5                     -5.172640352782256E-160  -4.497218384903492E-22
1.59957                   19.5                     1.9003725472750313E-159  -5.480160790107844E-22
1.5980400000000001        19.5                     2.1230907008618364E-159  -5.662663238009294E-22
1.5934500000000003        19.5                     -7.80147931398017E-159   -6.921729824836042E-22
1.5919200000000007        19.5                     -8.714362025594465E-159  -7.158312915284894E-22
1.58733                   19.5                     3.202773868562206E-158   -8.77368037958043E-22
1.5858000000000003        19.5                     3.5769536758200513E-158  -9.080519115024286E-22
1.58121                   19.5                     -1.3148811472722193E-157 -1.1156072242688634E-21
1.5796800000000002        19.5                     -1.468255318195176E-157  -1.1554231414596104E-21
1.5750899999999999        19.5                     5.398305169867269E-157   -1.4224653861384023E-21
1.5735600000000003        19.5                     6.026987343550024E-157   -1.4741581893308887E-21
1.5689699999999998        19.5                     -2.216352736546076E-156  -1.8181582856409398E-21
1.56744                   19.5                     -2.474054638503436E-156  -1.885306552246453E-21
1.5628499999999996        19.5                     9.099774852681235E-156   -2.328938775704583E-21
1.5613200000000003        19.5                     1.0156135434406651E-155  -2.4162103877136477E-21
1.5567299999999995        19.5                     -3.736220811001507E-155  -2.988915338119293E-21
1.5552                    19.5                     -4.169248197239267E-155  -3.1024018490522256E-21
1.5506099999999998        19.5                     1.5340670682328627E-154  -3.8424209571549776E-21
1.5490800000000002        19.5                     1.711579054380563E-154   -3.990075095791017E-21
1.54449                   19.5                     -6.298916990930097E-154  -4.947098970344286E-21
1.5429600000000003        19.5                     -7.026612471142127E-154  -5.139307121664682E-21
1.5383699999999998        19.5                     2.586407503751544E-153   -6.37792281100927E-21
1.53684                   19.5                     2.8847271662028857E-153  -6.628254112565069E-21
1.53225                   19.5                     -1.062031378840413E-152  -8.23243187266778E-21
1.5307200000000003        19.5                     -1.1843309181985358E-152 -8.558618354443077E-21
1.52613                   19.5                     4.361007950412734E-152   -1.0637550525862277E-20
1.5246000000000004        19.5                     4.862401841901024E-152   -1.1062769406168579E-20
1.5200099999999999        19.5                     -1.7907928152752613E-151 -1.375846733314836E-20
1.5184800000000003        19.5                     -1.996355871233214E-151  -1.431301833213271E-20
1.51389                   19.5                     7.353812387331686E-151   -1.781019411943442E-20
1.5123600000000001        19.5                     8.196610270007169E-151   -1.8533692980229757E-20
1.5077699999999998        19.5                     -3.019870285326142E-150  -2.3072609258853215E-20
1.5062400000000002        19.5                     -3.3654232980814676E-150 -2.4016855532950373E-20
1.5016500000000002        19.5                     1.2401447395774585E-149  -2.991002853576066E-20
1.5001200000000003        19.5                     1.3818282608831727E-149  -3.1142753623022445E-20
1.49553                   19.5                     -5.092893674530547E-149  -3.879665587623448E-20
1.494                     19.5                     -5.6738425856689585E-149 -4.0406419572132957E-20
1.4894100000000001        19.5                     2.0915333550624804E-148  -5.0349665171983686E-20
1.4878800000000005        19.5                     2.329749402259362E-148   -5.245224976332169E-20
1.4832900000000002        19.5                     -8.589595981285054E-148  -6.537217896184723E-20
1.4817600000000002        19.5                     -9.566426198608896E-148  -6.811893462340008E-20
1.47717                   19.5                     3.5276723481191127E-147  -8.490907261516292E-20
1.4756400000000003        19.5                     3.928246279292556E-147   -8.849780341709642E-20
1.47105                   19.5                     -1.4488089265587502E-146 -1.103193855666801E-19
1.4695200000000002        19.5                     -1.613080466133071E-146  -1.1500854067463023E-19
1.46493                   19.5                     5.950331493509582E-146   -1.4337021710715096E-19
1.4634000000000003        19.5                     6.624019071731866E-146   -1.4949737808148804E-19
1.4588100000000002        19.5                     -2.443870519997803E-145  -1.8635839054115204E-19
1.4572800000000004        19.5                     -2.7201647626049705E-145 -1.9436433748656601E-19
1.45269                   19.5                     1.0037418157353308E-144  -2.4226797143934955E-19
1.45116                   19.5                     1.1170608137728492E-144  -2.5272798654335296E-19
1.44657                   19.5                     -4.1226118289944883E-144 -3.149740310002692E-19
1.44504                   19.5                     -4.5873964173438406E-144 -3.286385811398564E-19
1.44045                   19.5                     1.6932819843641086E-143  -4.095059901065626E-19
1.4389200000000002        19.5                     1.8839243055666096E-143  -4.2735355037818853E-19
1.43433                   19.5                     -6.954923510243954E-143  -5.323876345201436E-19
1.4328000000000003        19.5                     -7.736922186445299E-143  -5.556932093068951E-19
1.4282100000000002        19.5                     2.856679182783805E-142   -6.920756714528851E-19
1.4266800000000004        19.5                     3.177462897798415E-142   -7.224995863668834E-19
1.4220900000000005        19.5                     -1.1733739418810054E-141 -8.995247712056483E-19
1.420560000000001         19.5                     -1.3049687294253639E-141 -9.392276075778006E-19
1.4159700000000006        19.5                     4.819667551518412E-141   -1.1689147402416542E-18
1.4144400000000006        19.5                     5.35953310866747E-141    -1.2207059386573622E-18
1.4098500000000005        19.5                     -1.9797174862123895E-140 -1.5185852217854199E-18
1.4083200000000007        19.5                     -2.201207212115215E-140  -1.5861149862415118E-18
1.4037300000000004        19.5                     8.131949416134904E-140   -1.972235635604805E-18
1.4022000000000006        19.5                     9.040696534918752E-140   -2.0602424422464493E-18
1.3976100000000002        19.5                     -3.3403444511444024E-139 -2.5604635922318688E-18
1.3960800000000004        19.5                     -3.713211891904753E-139  -2.6750929920297416E-18
1.3914900000000001        19.5                     1.3721222158042373E-138  -3.3227345409547976E-18
1.3899600000000003        19.5                     1.5251211057631783E-138  -3.471949224922358E-18
1.3853700000000002        19.5                     -5.636365180227914E-138  -4.309899910096611E-18
1.3838400000000004        19.5                     -6.264199340550732E-138  -4.5040064023849726E-18
1.3792500000000003        19.5                     2.3153148768780737E-137  -5.5874116669566126E-18
1.3777200000000005        19.5                     2.572961752164833E-137   -5.8397358011175955E-18
1.3731300000000004        19.5                     -9.510983810914596E-137  -7.239419522180868E-18
1.3716000000000006        19.5                     -1.0568357540870184E-136 -7.567171377744816E-18
1.3670100000000003        19.5                     3.907015149423616E-136   -9.373984704098369E-18
1.3654800000000007        19.5                     4.340981708636594E-136   -9.799364348870829E-18
1.3608900000000004        19.5                     -1.604977151624101E-135  -1.2129703483438412E-17
1.3593600000000006        19.5                     -1.7830954461748058E-135 -1.268131218689325E-17
1.3547700000000005        19.5                     6.593204633968394E-135   -1.568410703306905E-17
1.3532400000000009        19.5                     7.324319642781338E-135   -1.6398745201409587E-17
1.3486500000000003        19.5                     -2.7084949878670143E-134 -2.0264294878837687E-17
1.3471200000000005        19.5                     -3.008610304612041E-134  -2.118924855439756E-17
1.3425300000000002        19.5                     1.1126616965852732E-133  -2.616037086440581E-17
1.3410000000000006        19.5                     1.2358632781516901E-133  -2.735631412362897E-17
1.33641                   19.5                     -4.570899812294325E-133  -3.37423876510934E-17
1.3348800000000005        19.5                     -5.076690030456152E-133  -3.5287059695403994E-17
1.3302900000000002        19.5                     1.8777750967222698E-132  -4.3481673553364735E-17
1.3287600000000006        19.5                     2.0854341824317742E-132  -4.547452798968401E-17
1.32417                   19.5                     -7.714159315722357E-132  -5.59776201507845E-17
1.3226400000000005        19.5                     -8.566784494662815E-132  -5.854569141310295E-17
1.3180500000000004        19.5                     3.169105073341802E-131   -7.199125784637598E-17
1.3165200000000008        19.5                     3.519205304826131E-131   -7.529654769579376E-17
1.3119300000000003        19.5                     -1.3019296943500565E-130 -9.248724776029822E-17
1.3104000000000005        19.5                     -1.4456949633090587E-130 -9.673600540195266E-17
1.3058100000000001        19.5                     5.348612570648984E-130   -1.1868628175141628E-16
1.3042800000000006        19.5                     5.9390082919704934E-130  -1.2414063674669171E-16
1.29969                   19.5                     -2.1973403034500468E-129 -1.5213031904970254E-16
1.2981600000000004        19.5                     -2.439811604897491E-129  -1.5912282968070603E-16
1.29357                   19.5                     9.027259690423781E-129   -1.9476361056479584E-16
1.2920400000000005        19.5                     1.0023136636302199E-128  -2.037154148332457E-16
1.2874500000000002        19.5                     -3.7086585316442597E-128 -2.49033084588084E-16
1.2859200000000006        19.5                     -4.117711421161189E-128  -2.604764902465951E-16
1.28133                   19.5                     1.5236314363699193E-127  -3.180124061033345E-16
1.2798000000000005        19.5                     1.691659547551844E-127   -3.326189341229547E-16
1.2752100000000002        19.5                     -6.259577706537666E-127  -4.055548936062168E-16
1.2736800000000006        19.5                     -6.94983872883299E-127   -4.2417000084150963E-16
1.26909                   19.5                     2.5716511329848055E-126  -5.164815010000656E-16
1.2675600000000005        19.5                     2.855230020629093E-126   -5.401674575345327E-16
1.2629700000000001        19.5                     -1.0565276133682645E-125 -6.568112678090962E-16
1.2614400000000006        19.5                     -1.173037768154343E-125  -6.868999579774121E-16
1.25685                   19.5                     4.3406154670281806E-125  -8.34043029531681E-16
1.2553200000000004        19.5                     4.819337250956375E-125   -8.722007886981931E-16
1.2507300000000003        19.5                     -1.7832955202572927E-124 -1.0574987826896439E-15
1.2492000000000008        19.5                     -1.980008174760474E-124  -1.1058057805324536E-15
1.2446100000000002        19.5                     7.326503350219151E-124   -1.338740936865437E-15
1.2430800000000004        19.5                     8.13487534930744E-124    -1.3997880782723376E-15
1.23849                   19.5                     -3.0100347125088035E-123 -1.6920777782150122E-15
1.2369600000000005        19.5                     -3.342250463953864E-123  -1.7690846209019474E-15
1.23237                   19.5                     1.2366518883083638E-122  -2.135173832367928E-15
1.2308400000000004        19.5                     1.3731917000545716E-122  -2.2321316215069333E-15
1.22625                   19.5                     -5.080711451022087E-122  -2.689784461697962E-15
1.2247200000000005        19.5                     -5.641925600549787E-122  -2.811629060890569E-15
1.22013                   19.5                     2.087385200247733E-121   -3.382636968687634E-15
1.2186000000000003        19.5                     2.3180749259551204E-121  -3.5354572269304568E-15
1.21401                   19.5                     -8.575936860467696E-121  -4.246483700616007E-15
1.2124800000000002        19.5                     -9.524264267106946E-121  -4.4377716379429916E-15
1.20789                   19.5                     3.5233952239205345E-120  -5.32135614624065E-15
1.2063600000000003        19.5                     3.9132643321379876E-120  -5.56030626529545E-15
1.20177                   19.5                     -1.4475776475933421E-119 -6.656052752200457E-15
1.2002400000000004        19.5                     -1.6078689179531902E-119 -6.953918784345812E-15
1.1956499999999999        19.5                     5.947343315412068E-119   -8.309897115614038E-15
1.1941200000000003        19.5                     6.60641321095807E-119    -8.680415578987552E-15
1.18953                   19.5                     -2.4434569976386572E-118 -1.0354807255577225E-14
1.1880000000000004        19.5                     -2.714465961317021E-118  -1.0814698323628194E-14
1.1834100000000003        19.5                     1.0038916961136885E-117  -1.2877720726239913E-14
1.1818800000000007        19.5                     1.1153381917607893E-117  -1.3447278056453654E-14
1.1772900000000002        19.5                     -4.12448205238665E-117   -1.5983424268874345E-14
1.1757600000000004        19.5                     -4.582813596302511E-117  -1.668720659166872E-14
1.17117                   19.5                     1.6945418413391496E-116  -1.9797840329459028E-14
1.1696400000000005        19.5                     1.883047165909455E-116   -2.0665478705378345E-14
1.16505                   19.5                     -6.962022616130987E-116  -2.447182586363401E-14
1.1635200000000003        19.5                     -7.737372984880989E-116  -2.5538961529669224E-14
1.15893                   19.5                     2.860347198976616E-115   -3.01855411300201E-14
1.1574000000000004        19.5                     3.1792826674448764E-115  -3.149490970599119E-14
1.1528100000000001        19.5                     -1.1751740819571332E-114 -3.715344729298215E-14
1.1512800000000003        19.5                     -1.306375344982905E-114  -3.875612572362558E-14
1.14669                   19.5                     4.8282053150865265E-114  -4.562999120788085E-14
1.1451600000000004        19.5                     5.367968801052226E-114   -4.758682407540786E-14
1.1405699999999999        19.5                     -1.983669315517214E-113  -5.591603326582481E-14
1.1390400000000003        19.5                     -2.2057440635619795E-113 -5.829925490221374E-14
1.13445                   19.5                     8.149909634820125E-113   -6.836606907691925E-14
1.1329200000000004        19.5                     9.063654459737015E-113   -7.126113709594475E-14
1.1283299999999998        19.5                     -3.3483915654165137E-112 -8.339628744190001E-14
1.1268000000000002        19.5                     -3.724385319848715E-112  -8.690394173797002E-14
1.12221                   19.5                     1.3756868095283532E-111  -1.0149349479924995E-13
1.1206800000000003        19.5                     1.5304138215016239E-111  -1.057320535427274E-13
1.1160900000000002        19.5                     -5.652007887054245E-111  -1.2322491936765642E-13
1.1145600000000004        19.5                     -6.2887759869965504E-111 -1.283328198636127E-13
1.1099700000000001        19.5                     2.3221259183229888E-110  -1.4924888570256494E-13
1.1084400000000003        19.5                     2.584201128226937E-110   -1.553874729526741E-13
1.10385                   19.5                     -9.540443542078429E-110  -1.8032632147762847E-13
1.1023200000000002        19.5                     -1.0619141580722888E-109 -1.8768288065892456E-13
1.09773                   19.5                     3.919684722811964E-109   -2.173330220913168E-13
1.0962000000000003        19.5                     4.363705144661102E-109   -2.2612404269596002E-13
1.0916100000000002        19.5                     -1.6103988752459316E-108 -2.6127255429545367E-13
1.0900800000000004        19.5                     -1.7931814978280172E-108 -2.71747203113731E-13
1.0854900000000003        19.5                     6.616305022526782E-108   -3.1328962659684396E-13
1.0839600000000003        19.5                     7.36878604007721E-108    -3.257333938267736E-13
1.0793700000000004        19.5                     -2.718299511405504E-107  -3.746836909314668E-13
1.0778400000000006        19.5                     -3.0281018189998756E-107 -3.8942215823305667E-13
1.0732500000000003        19.5                     1.1168087774618518E-106  -4.4692246642743945E-13
1.0717200000000002        19.5                     1.2443650917892115E-106  -4.643251275060096E-13
1.0671300000000001        19.5                     -4.58838712843093E-106   -5.316549915327728E-13
1.0656000000000003        19.5                     -5.113614363163359E-106  -5.521390346750406E-13
1.06101                   19.5                     1.8851287365367435E-105  -6.307237152331924E-13
1.0594800000000002        19.5                     2.1014106543864572E-105  -6.54757653034088E-13
1.0548900000000003        19.5                     -7.745005140635142E-105  -7.461750317199479E-13
1.0533600000000003        19.5                     -8.63568290820224E-105   -7.742820360098469E-13
1.0487700000000002        19.5                     3.182014512342178E-104   -8.802675463213443E-13
1.0472400000000002        19.5                     3.548830413890926E-104   -9.130283161180377E-13
1.04265                   19.5                     -1.3073213960588962E-103 -1.0354772349458149E-12
1.0411200000000003        19.5                     -1.4583998548813393E-103 -1.0735321923243066E-12
1.03653                   19.5                     5.371089293456646E-103   -1.2144985264847711E-12
1.0350000000000001        19.5                     5.993365914685909E-103   -1.2585490999436098E-12
1.03041                   19.5                     -2.2066944073574197E-102 -1.4202402000950762E-12
1.02888                   19.5                     -2.4630192270724113E-102 -1.4710489178389042E-12
1.02429                   19.5                     9.066128438815547E-102   -1.6558148503427726E-12
1.0227600000000001        19.5                     1.0122030781577595E-101  -1.7142039276371604E-12
1.01817                   19.5                     -3.7247868842174506E-101 -1.924520537059137E-12
1.0166400000000002        19.5                     -4.159780052525449E-101  -1.9913686034102236E-12
1.0120500000000001        19.5                     1.5303153101552566E-100  -2.2298131086326293E-12
1.0105200000000003        19.5                     1.7095270161785296E-100  -2.3060496832120388E-12
1.00593                   19.5                     -6.287245180725556E-100  -2.575267573563749E-12
1.0044000000000002        19.5                     -7.025617190309797E-100  -2.6618648625140682E-12
0.9998100000000001        19.5                     2.5830921684647406E-99   -2.9645268027228405E-12
0.9982800000000003        19.5                     2.88732679357506E-99     -3.0624883614976228E-12
0.99369                   19.5                     -1.0612543892680239E-98  -3.4012357824395317E-12
0.99216                   19.5                     -1.1866164906697345E-98  -3.511581562156145E-12
0.9875699999999998        19.5                     4.360128112975338E-98    -3.888959615443288E-12
0.98604                   19.5                     4.876720182281078E-98    -4.012706896860083E-12
0.98145                   19.5                     -1.791344949836675E-97   -4.4310834931528095E-12
0.9799200000000002        19.5                     -2.004233687387188E-97   -4.569223207597293E-12
0.9753300000000001        19.5                     7.359689525860646E-97    -5.03069295130984E-12
0.9738000000000003        19.5                     8.237055418680398E-97    -5.184160897776716E-12
0.9692100000000002        19.5                     -3.0237100228444203E-96  -5.690432882149355E-12
0.9676800000000004        19.5                     -3.3853126195486413E-96  -5.860075377171532E-12
0.9630900000000001        19.5                     1.2422850129890682E-95   -6.412344021857333E-12
0.9615600000000002        19.5                     1.3913256455189748E-95   -6.5988775664902365E-12
0.9569700000000001        19.5                     -5.1039087712908133E-95  -7.1976759766448884E-12
0.9554400000000003        19.5                     -5.718236044261298E-95   -7.40164059662944E-12
0.9508500000000001        19.5                     2.0969361503746012E-94   -8.046676304788503E-12
0.9493200000000003        19.5                     2.3501669263130808E-94   -8.268382318907695E-12
0.9447300000000001        19.5                     -8.615257420697507E-94   -8.95835574400644E-12
0.9432000000000001        19.5                     -9.659146519694805E-94   -9.19782384515845E-12
0.93861                   19.5                     3.539583527054459E-93    -9.930230372725681E-12
0.9370800000000002        19.5                     3.96992483182276E-93     -1.0187125069366197E-11
0.93249                   19.5                     -1.4542431936040904E-92  -1.0958042324004865E-11
0.9309600000000002        19.5                     -1.63165891406821E-92    -1.1231598988025982E-11
0.9263699999999999        19.5                     5.974794888935092E-92    -1.2035461629440168E-11
0.92484                   19.5                     6.706255871688113E-92    -1.232440763150875E-11
0.9202499999999999        19.5                     -2.4547664144437436E-91  -1.3153772849192232E-11
0.9187200000000001        19.5                     -2.7563514794176314E-91  -1.345624353366908E-11
0.9141299999999999        19.5                     1.0085529081725127E-90   -1.430155132680898E-11
0.9126000000000001        19.5                     1.1329034538416114E-90   -1.4615001882805252E-11
0.9080099999999998        19.5                     -4.1437035467787746E-90  -1.546433516572639E-11
0.90648                   19.5                     -4.6564519988787085E-90  -1.5785449783704566E-11
0.9018899999999999        19.5                     1.7024732174088315E-89   -1.6624300322530533E-11
0.90036                   19.5                     1.9139094525695106E-89   -1.694890037779093E-11
0.8957700000000001        19.5                     -6.994773707730565E-89   -1.7759947501783486E-11
0.8942400000000003        19.5                     -7.866685339621958E-89   -1.8082900866245022E-11
0.88965                   19.5                     2.8738822714194407E-88   -1.884581076458922E-11
0.8881200000000002        19.5                     3.233451998271893E-88    -1.916094470042567E-11
0.8835300000000003        19.5                     -1.180772861305695E-87   -1.9852198870173913E-11
0.8820000000000005        19.5                     -1.3290625533152005E-87  -2.0152219284452502E-11
0.8774100000000001        19.5                     4.851387950573027E-87    -2.0744981303787115E-11
0.8758800000000002        19.5                     5.462971227571532E-87    -2.1021401422977404E-11
0.8712900000000001        19.5                     -1.9932789229083096E-86  -2.148543165985994E-11
0.8697600000000003        19.5                     -2.245520479799132E-86   -2.1728513397463968E-11
0.8651700000000001        19.5                     8.189789728253477E-86    -2.2030141522745006E-11
0.8636400000000003        19.5                     9.230173759814417E-86    -2.22288529486834E-11
0.8590500000000001        19.5                     -3.364962458544786E-85   -2.2331018248315786E-11
0.8575200000000003        19.5                     -3.7940899390755733E-85  -2.2473010615851815E-11
0.8529300000000002        19.5                     1.3825813182274767E-84   -2.2335380141649697E-11
0.8514000000000003        19.5                     1.559589848032449E-84    -2.2406987891744976E-11
0.8468100000000002        19.5                     -5.68073244700536E-84    -2.1986162522535202E-11
0.8452800000000004        19.5                     -6.410890525035356E-84   -2.1972429593887907E-11
0.8406900000000002        19.5                     2.334110347802981E-83    -2.1222248230046196E-11
0.8391600000000004        19.5                     2.6353097049118E-83      -2.110698389557529E-11
0.8345700000000001        19.5                     -9.590517573726341E-83   -1.997893633105672E-11
0.8330400000000002        19.5                     -1.0833042908308231E-82  -1.9744803711983926E-11
0.8284499999999999        19.5                     3.940638007124554E-82    -1.81885632598741E-11
0.8269200000000001        19.5                     4.4532280353134634E-82   -1.781720369942059E-11
0.8223299999999998        19.5                     -1.619179893006659E-81   -1.5781291376174E-11
0.8208                    19.5                     -1.8306497003155566E-81  -1.5253488044089692E-11
0.8162099999999998        19.5                     6.6531599296317255E-81   -1.2686080754532615E-11
0.8146800000000001        19.5                     7.525607892337341E-81    -1.198196524306427E-11
0.8100899999999996        19.5                     -2.73379137593975E-80    -8.831860648658617E-12
0.80856                   19.5                     -3.0937422886999487E-80  -7.931166868050291E-12
0.8039699999999996        19.5                     1.1233305540624715E-79   -4.148917053411129E-12
0.8024399999999999        19.5                     1.2718417685388054E-79   -3.031287275241148E-12
0.7978499999999995        19.5                     -4.6158834043740727E-79  1.429488508859428E-12
0.7963199999999999        19.5                     -5.2286387242677774E-79  2.7841402964469233E-12
0.7917299999999996        19.5                     1.8967382918435174E-78   7.965256784800113E-12
0.7901999999999999        19.5                     2.14956703950119E-78     9.576319312584E-12
0.7856099999999995        19.5                     -7.79409315615642E-78    1.5513337372403976E-11
0.7840799999999999        19.5                     -8.837315778612341E-78   1.7399010679294215E-11
0.7794899999999996        19.5                     3.20279878008874E-77     2.4119361177679154E-11
0.77796                   19.5                     3.6332643118432615E-77   2.629609824064357E-11
0.7733699999999997        19.5                     -1.3161333380604113E-76  3.3817018600743025E-11
0.7718399999999999        19.5                     -1.4937608700549612E-76  3.629890258894962E-11
0.7672499999999995        19.5                     5.408497075603995E-76    4.462518019328652E-11
0.7657199999999997        19.5                     6.141477490406586E-76    4.7423243919307214E-11
0.7611299999999996        19.5                     -2.2225937583504997E-75  5.6544742184113715E-11
0.7595999999999998        19.5                     -2.5250651691188967E-75  5.966623854063427E-11
0.7550099999999996        19.5                     9.133782819524254E-75    6.955514965471161E-11
0.7534799999999997        19.5                     1.0381987641858324E-74   7.300277845748982E-11
0.7488899999999998        19.5                     -3.753606104648672E-74   8.36105029483403E-11
0.74736                   19.5                     -4.268712142159222E-74   8.738158512968183E-11
0.7427699999999997        19.5                     1.5426040712192118E-73   9.863509999189267E-11
0.7412399999999999        19.5                     1.7551811276232638E-73   1.0272065711433566E-10
0.7366499999999998        19.5                     -6.339694853638154E-73   1.1451822790380794E-10
0.7351199999999999        19.5                     -7.216988157862405E-73   1.1890186746318797E-10
0.7305299999999999        19.5                     2.6054977040315684E-72   1.311080361301988E-10
0.7290000000000001        19.5                     2.967558613082742E-72    1.3576446050834312E-10
0.7244099999999998        19.5                     -1.070833272813137E-71   1.4820450353238888E-10
0.7228799999999999        19.5                     -1.2202594154792423E-71  1.5309736247618237E-10
0.7182899999999998        19.5                     4.401109911722147E-71    1.6555196591067775E-10
0.7167599999999998        19.5                     5.01781764653329E-71     1.7063069761388526E-10
0.7121699999999999        19.5                     -1.8088899695192504E-70  1.8283254537703993E-10
0.7106399999999999        19.5                     -2.06342045857175E-70    1.880278801286872E-10
0.7060499999999998        19.5                     7.434847386548018E-70    1.996633669248311E-10
0.70452                   19.5                     8.485375281312691E-70    2.0488142642821347E-10
0.6999300000000002        19.5                     -3.0559225386316555E-69  2.1560262705541103E-10
0.6984000000000004        19.5                     -3.489515764292748E-69   2.2071825136982149E-10
0.6938100000000003        19.5                     1.256097684046068E-68    2.3017121771944302E-10
0.6922800000000005        19.5                     1.4350611087890626E-68   2.3502260322337177E-10
0.6876900000000004        19.5                     -5.163161427234064E-68   2.4289848363499367E-10
0.6861600000000004        19.5                     -5.901835321732173E-68   2.47287496827407E-10
0.6815700000000003        19.5                     2.1223628941652414E-67   2.5340072221944317E-10
0.6800400000000004        19.5                     2.4272560566061624E-67   2.571069589466695E-10
0.6754500000000003        19.5                     -8.724402320772677E-67   2.6149326989377774E-10
0.6739200000000004        19.5                     -9.982889756865288E-67   2.6431406686181627E-10
0.6693300000000004        19.5                     3.5864459040831173E-66   2.673283600846442E-10
0.6678000000000005        19.5                     4.105910744950725E-66    2.6915742993931597E-10
0.6632100000000003        19.5                     -1.4743680658113739E-65  2.7152646299868806E-10
0.6616800000000005        19.5                     -1.6887900582907787E-65  2.724796039251363E-10
0.6570900000000003        19.5                     6.061234155693392E-65    2.753100816853752E-10
0.6555600000000004        19.5                     6.946325759763038E-65    2.7586864452433533E-10
0.6509700000000002        19.5                     -2.4918977597332175E-64  2.807044974480572E-10
0.6494400000000002        19.5                     -2.857250761808614E-64   2.81725648198622E-10
0.6448500000000003        19.5                     1.024504566481023E-63    2.911632216599982E-10
0.6433200000000004        19.5                     1.175318878089761E-63    2.931679831025233E-10
0.6387300000000002        19.5                     -4.2122352787336327E-63  3.129704950938314E-10
0.6372000000000003        19.5                     -4.834790257683023E-63   3.1422211158708535E-10
0.6326100000000001        19.5                     1.7319163971245617E-62   3.5673271029069726E-10
0.6310800000000003        19.5                     1.9889074582413445E-62   3.5155922193167447E-10
0.6264900000000002        19.5                     -7.121268444727902E-62   4.2952605685071014E-10
0.6249600000000004        19.5                     -8.182141358590226E-62   4.172394659318312E-10
0.6203700000000001        19.5                     2.9282252822127377E-61   5.230209552513975E-10
0.6188400000000003        19.5                     3.3661642977752124E-61   5.218633618000762E-10
0.6142500000000001        19.5                     -1.204117559145069E-60   6.270445531228739E-10
0.6127200000000002        19.5                     -1.384905207478997E-60   6.633334463811098E-10
0.6081300000000001        19.5                     4.951663947099913E-60    7.73280985033557E-10
0.6066000000000003        19.5                     5.697990055538667E-60    8.555789199062205E-10
0.6020100000000002        19.5                     -2.036347615949875E-59   1.0461818658289898E-9
0.6004800000000003        19.5                     -2.344448686725692E-59   1.1536167518660702E-9
0.5958900000000001        19.5                     8.37474856503235E-59     1.5138882234082134E-9
0.5943600000000003        19.5                     9.646676248578279E-59    1.6245796979501851E-9
0.5897700000000001        19.5                     -3.4443826112790514E-58  2.238509956417742E-9
0.5882400000000003        19.5                     -3.9694756120535094E-58  2.3495735501687284E-9
0.5836500000000001        19.5                     1.4166788492001336E-57   3.3407699025933636E-9
0.5821200000000003        19.5                     1.6334565509985323E-57   3.4691225180795614E-9
0.5775300000000001        19.5                     -5.827100672052212E-57   5.0119333757888874E-9
0.5760000000000003        19.5                     -6.722048132312442E-57   5.195522755354844E-9
0.5714100000000001        19.5                     2.396930372092317E-56    7.431233198657425E-9
0.5698800000000002        19.5                     2.7664053440821274E-56   7.73277137708993E-9
0.56529                   19.5                     -9.86008859820955E-56    1.0704091694973922E-8
0.56376                   19.5                     -1.1385465184526328E-55  1.119401354264852E-8
0.5591700000000002        19.5                     4.056294260217196E-55    1.515631029552454E-8
0.5576400000000004        19.5                     4.6860523005506144E-55   1.586382016185323E-8
0.55305                   19.5                     -1.668791507215134E-54   2.1500417089298466E-8
0.5515200000000001        19.5                     -1.928792498115309E-54   2.2499382178607056E-8
0.54693                   19.5                     6.865931678201847E-54    3.093874056656743E-8
0.5454000000000002        19.5                     7.939379603468308E-54    3.242234074448828E-8
0.5408100000000001        19.5                     -2.8250259470494727E-53  4.556390957632099E-8
0.5392800000000003        19.5                     -3.2682177599062654E-53  4.757847169123047E-8
0.5346900000000001        19.5                     1.162443336111908E-52    6.841550888178382E-8
0.5331600000000003        19.5                     1.3454249014290585E-52   7.097286563041738E-8
0.52857                   19.5                     -4.783528601031041E-52   1.0388164317475189E-7
0.5270400000000002        19.5                     -5.539017204478469E-52   1.0734916447810154E-7
0.52245                   19.5                     1.968579951351983E-51    1.593010524960611E-7
0.52092                   19.5                     2.28050739896905E-51     1.6418099729661455E-7
0.51633                   19.5                     -8.101897307565532E-51   2.45940356161654E-7
0.5148000000000001        19.5                     -9.389804311378894E-51   2.5297887110584705E-7
0.5102099999999999        19.5                     3.3346505070368295E-50   3.8049741154358824E-7
0.5086800000000001        19.5                     3.866416818501743E-50    3.9092253719092975E-7
0.5040899999999999        19.5                     -1.3726024621945928E-49  5.866986349553887E-7
0.5025600000000001        19.5                     -1.5921672640824647E-49  6.028485918334313E-7
0.4979699999999998        19.5                     5.650294170028199E-49    8.980684476540637E-7
0.49643999999999994       19.5                     6.556883090685973E-49    9.241042009855397E-7
0.4918499999999999        19.5                     -2.326109659700224E-48   1.3639585362871405E-6
0.4903200000000001        19.5                     -2.7004478231872152E-48  1.4065611661342028E-6
0.4857299999999999        19.5                     9.576861059188329E-48    2.06124059251062E-6
0.4842000000000001        19.5                     1.1122556978438673E-47   2.129346826452702E-6
0.47960999999999987       19.5                     -3.943221132373589E-47   3.105968033612382E-6
0.47808000000000006       19.5                     -4.581470717396311E-47   3.213515705517528E-6
0.47348999999999986       19.5                     1.6237348942624783E-46   4.667791950607808E-6
0.47196                   19.5                     1.8872853917818343E-46   4.8373055523178805E-6
0.46736999999999984       19.5                     -6.686768637566977E-46   6.9904523916782E-6
0.46584000000000003       19.5                     -7.775057729150241E-46   7.253327446026782E-6
0.4612499999999998        19.5                     2.7539485657679915E-45   1.0419973367226987E-5
0.45972                   19.5                     3.2033476594054936E-45   1.0815772738539174E-5
0.4551299999999999        19.5                     -1.1343182499849057E-44  1.54298522000479E-5
0.4536000000000001        19.5                     -1.3198968782915142E-44  1.6018499979806405E-5
0.44901                   19.5                     4.672559415407314E-44    2.266825443673122E-5
0.4474800000000002        19.5                     5.438917919411351E-44    2.3538974537296537E-5
0.4428899999999999        19.5                     -1.924938496520512E-43   3.301176739101125E-5
0.4413600000000002        19.5                     -2.2414173414999163E-43  3.4293197064680877E-5
0.4367699999999999        19.5                     7.930897449674364E-43    4.762678220131007E-5
0.4352400000000002        19.5                     9.237870206340359E-43    4.9501890917553984E-5
0.43064999999999976       19.5                     -3.267929255529206E-42   6.804082095396454E-5
0.42912000000000006       19.5                     -3.80768593780355E-42    7.076644346388308E-5
0.42452999999999974       19.5                     1.3466949387987746E-41   9.62175482598167E-5
0.42300000000000015       19.5                     1.5696101451004528E-41   1.0014677434873407E-4
0.4184099999999997        19.5                     -5.550263023769669E-41   1.3462767173384973E-4
0.41688000000000014       19.5                     -6.470907829608679E-41   1.4023123780329948E-4
0.4122899999999996        19.5                     2.287742793207395E-40    1.862991469892673E-4
0.4107599999999999        19.5                     2.6679811055627003E-40   1.9419202393404218E-4
0.4061699999999997        19.5                     -9.430869144706601E-40   2.54852037963861E-4
0.40464000000000006       19.5                     -1.1001346383980717E-39  2.658240093439226E-4
0.40004999999999974       19.5                     3.888201748165061E-39    3.4451866259687904E-4
0.3985200000000001        19.5                     4.536866236784908E-39    3.5955424494913E-4
0.3939299999999998        19.5                     -1.6032458853876386E-38  4.6012230324056263E-4
0.3924000000000001        19.5                     -1.871176319483203E-38   4.8041052820391725E-4
0.38780999999999977       19.5                     6.611614698229853E-38    6.0700332744758E-4
0.38628000000000007       19.5                     7.718335866499068E-38    6.339421897051628E-4
0.38168999999999975       19.5                     -2.726922901911891E-37   7.909056197836803E-4
0.38016000000000016       19.5                     -3.1840842245028235E-37  8.260890932760585E-4
0.37556999999999974       19.5                     1.1248588754301359E-36   0.0010178208182494968
0.3740400000000001        19.5                     1.3137087702661324E-36   0.0010630005047199238
0.3694499999999997        19.5                     -4.640717095560941E-36   0.0012937909413525005
0.3679199999999999        19.5                     -5.4208722605220476E-36  0.001350813154051172
0.3633299999999999        19.5                     1.914856029711998E-35    0.0016246820300522865
0.36180000000000007       19.5                     2.2371582076060875E-35   0.0016954039227070799
0.35720999999999997       19.5                     -7.902296705105962E-35   0.0020159403493938584
0.35568000000000016       19.5                     -9.233868577902089E-35   0.002102138186899937
0.35109000000000007       19.5                     3.2616623610167064E-34   0.002472357175529875
0.34956000000000026       19.5                     3.8118189164860143E-34   0.002575634469881349
0.3449700000000001        19.5                     -1.3464664380633465E-33  0.0029978652908084226
0.3434400000000003        19.5                     -1.5737821984167712E-33  0.0031195641632136674
0.3388500000000001        19.5                     5.5593681059714714E-33   0.0035953699384598317
0.3373200000000002        19.5                     6.498649537976041E-33    0.0037365023233589477
0.33273000000000014       19.5                     -2.2957855788971104E-32  0.004266633584579034
0.3312000000000003        19.5                     -2.683923715541185E-32   0.004427839052679073
0.3266544022488947        19.5                     9.540477241011844E-32    0.005006310481880966
0.3251392029985264        19.5                     1.115199119650118E-31    0.005185984163108641
0.32067432952732383       19.5                     -3.993646949149104E-31   0.005805153380577909
0.3191860383702565        19.5                     -4.667318260572712E-31   0.006000920020195804
0.3148158122498853        19.5                     1.6816857922558237E-30   0.006654427614744106
0.31335907020976184       19.5                     1.965028429063331E-30    0.00686413450054759
0.30914107802532204       19.5                     -7.179024857568008E-30   0.007537521963201899
0.3077350806305089        19.5                     -8.384993178263811E-30   0.0077562732330934666
0.30384762766554363       19.5                     3.189130665372584E-29    0.008412024544616164
0.3025518100105555        19.5                     3.720181741216729E-29    0.008627173133371697
0.2989662803033009        19.5                     -1.4478715260370944E-28  0.009260052085405533
0.29777110373421617       19.5                     -1.6877728505079175E-28  0.00946935344932922
0.29485088140929355       19.5                     7.489534050735502E-28    0.010003428987129599
0.2938774739676528        19.5                     8.698741102965812E-28    0.010181135712675076
0.2907222696074753        19.5                     -5.0540479445924215E-27  0.010773920507205801
0.2930884816477073        19.5                     1.8063440576360937E-28   0.010329663114701227
0.28986827198942944       19.5                     -1.5603244199958143E-27  0.010938939812688288
0.28730587432046506       19.5                     2.4966396580310882E-26   0.011430929928663324
0.28455960572349115       19.5                     -1.6209311145412862E-25  0.011969816532366687
0.2852460828465399        19.5                     -1.4032310345755707E-25  0.011834147314515604
0.2829357312505409        19.5                     1.2687455054988477E-24   0.012292276136361207
0.2823944397595575        19.5                     1.457101335518465E-24    0.012401040018158054
0.28098237500047035       19.5                     -1.5370837303471185E-23  0.012684552605989871
0.2805116867474413        19.5                     -1.7584233488357375E-23  0.012780344913220922
0.2792838043482351        19.5                     3.392228579409501E-22    0.01302912562328026
0.2788745102151664        19.5                     3.860582230520462E-22    0.013113299483732504
0.27780678638976963       19.5                     5.703979095823293E-20    0.01333126073514859
0.2774508784479708        19.5                     6.859481369246329E-20    0.013405089309619343
0.27652242294762575       19.5                     1.0333419114456778E-18   0.013595807766787945
0.2762129377808441        19.5                     1.2425006490705298E-18   0.013660466635760463
0.27540558517184854       19.5                     9.585671283356068E-18    0.013827176272563529
0.2751364676355167        19.5                     1.1469156678367091E-17   0.013883736399882569
0.27443442188856393       19.5                     5.879103290184131E-17    0.01402933760237636
0.2742004066395797        19.5                     6.982550478675893E-17    0.014078765025077409
0.2735899320770121        19.5                     2.6726945987217623E-16   0.014205843028673795
0.27338644055615624       19.5                     3.146032141869627E-16    0.014249002664775003
0.27285559311044527       19.5                     9.629220183048755E-16    0.0143598509208181
0.272678643961875         19.5                     1.1221946445359543E-15   0.014397512746688821
0.27221703748734377       19.5                     2.8755476401838582E-15   0.014494158371581274
0.2720631686625001        19.5                     3.315837706447793E-15    0.014527004812712619
0.271661771728125         19.5                     7.353727277336133E-15    0.014611234321328697
0.27152797275             19.5                     8.387931105296314E-15    0.014639868105230353
0.2711789319375           19.5                     1.6512389002095855E-14   0.014713252330860092
0.271062585               19.5                     1.8630774279926877E-14   0.014738204325899904
0.27075907125             19.5                     3.320833516531644E-14    0.014802121893058027
0.2706579                 19.5                     3.7071212411033074E-14   0.01482385864268992
0.27039397499999995       19.5                     6.079001571317798E-14    0.01487951766330562
0.270306                  19.5                     6.716757122766751E-14    0.014898448449314794
0.2700765                 19.5                     1.0265332283189611E-13   0.014946906309241326
