% Model:              inside_out_countercurrent_10mins.mph
% Version:            COMSOL 6.3.0.420
% Date:               Apr 23 2026, 15:42
% Dimension:          2
% Nodes:              671
% Expressions:        2
% Description:        Molar concentration, is
% Length unit:        mm
% R                       Z                        is (mol/m^3) @ t=0       is (mol/m^3) @ t=1
0.1498125                 0.5                      0.1                      0.09590142829381045
0.15                      0.5                      0.1                      0.0958340668865109
0.14925                   0.5                      0.10000000000000002      0.09609775857277902
0.149034375               0.5                      0.10000000000000002      0.09617490192833657
0.1483875                 0.5                      0.10000000000000002      0.0964008921899883
0.14813953125             0.5                      0.10000000000000002      0.0964882633311774
0.147395625               0.5                      0.10000000000000002      0.09674678603008718
0.14711046093750002       0.5                      0.10000000000000002      0.09684434286483545
0.14625496875             0.5                      0.10000000000000002      0.09713710588154532
0.14592703007812502       0.5                      0.10000000000000002      0.09724402402007228
0.1449432140625           0.5                      0.10000000000000002      0.09757037011447398
0.14253857952642834       0.5                      0.10000000000000002      0.09830120205315489
0.1430042586013329        0.5                      0.10000000000000002      0.0981613851015775
0.13791712276193333       0.5                      0.10000000000000002      0.09936107268594296
0.13895213650193416       0.5                      0.10000000000000002      0.09911226575834187
0.1286860392929826        0.5                      0.10000000000000002      0.0999637436359341
0.13083223678385963       0.5                      0.10000000000000002      0.09982624251665484
0.11466373540221324       0.5                      0.10000000000000002      0.09999743479914819
0.12474228812013187       0.5                      0.10000000000000002      0.09997396749090556
0.10937832754732986       0.5                      0.10000000000000002      0.09999713026477108
0.09351821693290202       0.5                      0.10000000000000002      0.10000024275486513
0.086678139231008         0.5                      0.10000000000000002      0.10000031568168302
0.06609549156245441       0.5                      0.10000000000000002      0.0999999353945214
0.06082581508223937       0.5                      0.10000000000000002      0.09999991795900744
0.045                     0.5                      0.10000000000000002      0.10000001587160896
0.041249999999999884      0.5                      0.10000000000000002      0.10000002081713837
0.03                      0.5                      0.10000000000000002      0.09999999541576304
0.026249999999999888      0.5                      0.10000000000000002      0.09999999394293049
0.015                     0.5                      0.10000000000000002      0.10000000157678604
0.011249999999999882      0.5                      0.10000000000000002      0.10000000243451279
0                         0.5                      0.09999999999999999      0.09999999853137688
0.249875                  0.5                      0.04386984711294073      0.03700504398639744
0.25                      0.5                      0.035639138758270524     0.03694907037824379
0.2495                    0.5                      0.06855629191156465      0.037172872430689466
0.24935625                0.5                      0.07388741145387384      0.03723741744548734
0.24892499999999995       0.5                      0.08987918573098401      0.03743092466222426
0.2487596875              0.5                      0.09188463122998825      0.03750538403511924
0.24826375                0.5                      0.09790062750274575      0.03772858713902195
0.248073640625            0.5                      0.09836053300987713      0.03781452409370889
0.24750331250000004       0.5                      0.09974019663522235      0.038072097448202294
0.24728468671875004       0.5                      0.09980161387567656      0.038171334795921164
0.246628809375            0.5                      0.09998583544621083      0.03846872696638964
0.24559772510424874       0.5                      0.10000016977929901      0.03893862350229281
0.24636845228496684       0.5                      0.09998941855859358      0.0385873933192867
0.24302535122856742       0.5                      0.09999997837049597      0.04012129066335925
0.24494339462983714       0.5                      0.10000011476073872      0.03923986565554523
0.24148392893064213       0.5                      0.09999998591425299      0.04084687441233814
0.23685384090253536       0.5                      0.10000000376921475      0.043020793269274216
0.22413917333366692       0.5                      0.099999999232719        0.049284163733593504
0.23367152335785127       0.5                      0.10000000247337078      0.044592755379927435
0.2184737405835066        0.5                      0.09999999951292668      0.05235156468791689
0.20143181206658484       0.5                      0.10000000021649227      0.061537101303550445
0.17697594063260486       0.5                      0.0999999999222074       0.07653538015353163
0.1950181423016894        0.5                      0.10000000013412036      0.06549696256991264
0.17381032563694965       0.5                      0.09999999995288544      0.0787215915974799
0.1642093072385346        0.5                      0.10000000002772601      0.08526211083944946
0.16277850889118473       0.5                      0.10000000001670561      0.08630813574783175
0.1580552515324691        0.5                      0.0999999999904375       0.08972190778337233
0.15736524239142083       0.5                      0.09999999999392173      0.09024014922699006
0.15497428062385116       0.5                      0.1000000000025963       0.09202159532576307
0.15466382790839445       0.5                      0.1000000000018513       0.09225775913921794
0.153371190625            0.5                      0.09999999999964884      0.0932365133359157
0.15315256484375          0.5                      0.09999999999966969      0.09340397964560693
0.15249668749999998       0.5                      0.09999999999997913      0.09390476513807049
0.15230657812499998       0.5                      0.09999999999998087      0.09405116925409007
0.15173625                0.5                      0.099999999999998        0.09448900106549546
0.1515709375              0.5                      0.09999999999999815      0.09461690502998799
0.151075                  0.5                      0.09999999999999973      0.09499943419007681
0.15093125                0.5                      0.09999999999999974      0.09511110925903639
0.1505                    0.5                      0.09999999999999995      0.0954451199234179
0.150375                  0.5                      0.09999999999999995      0.095542574498844
0.269975                  0.5                      9.634396707965528E-14    0.03311541729743585
0.27                      0.5                      8.928978583656482E-14    0.03311088014940738
0.26990000000000003       0.5                      1.0549420330828256E-13   0.03312918912750042
0.26987125                0.5                      1.151936818413005E-13    0.033134409794326664
0.26978500000000005       0.5                      1.2772851299746465E-13   0.03315025494365009
0.26975193750000004       0.5                      1.4142438973734E-13      0.0331562626086603
0.26965275000000005       0.5                      1.590728061523959E-13    0.03317449451739004
0.26961472812500004       0.5                      1.7901333181120235E-13   0.03318140848944433
0.26950066250000004       0.5                      2.0465493595078087E-13   0.03320238840610998
0.2694569373437501        0.5                      2.347318081063451E-13    0.033210346297521065
0.2693257618750001        0.5                      2.7335466692634454E-13   0.03323449070829472
0.2692754779453126        0.5                      3.206093320534829E-13    0.03324365131220992
0.26912462615625005       0.5                      3.812436594485028E-13    0.03327144056904967
0.26906679963710944       0.5                      4.590679274080629E-13    0.0332819872112747
0.2688933200796876        0.5                      5.588960626388243E-13    0.03331397556671017
0.26882681958267585       0.5                      6.942362837052245E-13    0.03332612001712577
0.26862731809164064       0.5                      8.678476388329235E-13    0.033362947313970125
0.26855084252007716       0.5                      1.1185078369586733E-12   0.033376934360076424
0.2683214158053867        0.5                      1.4401397204956892E-12   0.033419339674102364
0.26823346889808874       0.5                      1.9395077559280525E-12   0.033435452480751235
0.2679696281761948        0.5                      2.580574155655195E-12    0.03348429007602012
0.2678684892328021        0.5                      3.663303449430071E-12    0.03350285648223068
0.267565072402624         0.5                      5.0541922955561495E-12   0.033559114515449205
0.26744876261772244       0.5                      7.644759920383543E-12    0.03358051445285694
0.26709983326301756       0.5                      1.0975605049495958E-11   0.03364533695934558
0.2669660770103807        0.5                      1.7928956949583117E-11   0.03367001121934099
0.2665648082524702        0.5                      2.6880042792367628E-11   0.033744724034724574
0.26641098856193784       0.5                      4.823218421070743E-11    0.033773184665390976
0.26594952949034073       0.5                      7.576533112490816E-11    0.033859326091822003
0.26577263684622854       0.5                      1.525341538357089E-10    0.03389216877485861
0.26524195891389185       0.5                      2.517767686042873E-10    0.033991525999416974
0.2644309680814307        0.5                      1.0083917758563807E-9    0.03414358696452359
0.2650389542783129        0.5                      5.817284008397456E-10    0.03402936555614416
0.2634237312969451        0.5                      5.771919886793619E-9     0.03433324936923415
0.2641786496698479        0.5                      3.0833057117385495E-9    0.034190841206994796
0.2631145520218541        0.5                      6.268583789631798E-9     0.03439149245933941
0.26218623789724793       0.5                      1.9830237186330346E-8    0.03456749974279584
0.26170187371387854       0.5                      -1.9829964364738E-7      0.03465949002712866
0.2602472172636418        0.5                      -5.828555688175411E-7    0.0349372954403876
0.2570396570549271        0.5                      3.192657118767444E-6     0.035556496104899714
0.25783991521513006       0.5                      1.7397862820468545E-6    0.035402471038615595
0.2544274455456067        0.5                      -2.617205948855766E-5    0.03606779791750314
0.25633232452579613       0.5                      -7.378281590539687E-6    0.03569478393942039
0.25267942986034797       0.5                      7.561427195390428E-4     0.03641350998780295
0.2539844932928161        0.5                      2.654662703623593E-4     0.036155428471918015
0.25240230925564244       0.5                      0.0022523360941440244    0.036468747051181645
0.25150501504940825       0.5                      0.005651747366846118     0.03664739633488677
0.25138760070550387       0.5                      0.0072616342828227785    0.03667088994650681
0.25096858283225154       0.5                      0.011931094430015398     0.0367546735886644
0.25092059703138536       0.5                      0.012859672155599525     0.0367642809132033
0.25067423812499995       0.5                      0.017288461851713503     0.03681365034600702
0.25063051296874994       0.5                      0.01828391451198924      0.036822423444928275
0.2504993375              0.5                      0.02126525857331555      0.036848736773847056
0.25046131562499996       0.5                      0.022253572205002726     0.03685637199199965
0.25034724999999997       0.5                      0.025215257682158532     0.03687927071194763
0.2503141875              0.5                      0.026160607592312018     0.03688591490309039
0.25021499999999997       0.5                      0.028994484501399975     0.0369058401295806
0.25018624999999994       0.5                      0.02986944338905035      0.03691162137298884
0.2501                    0.5                      0.03249283914902101      0.03692895772047208
0.250075                  0.5                      0.033279670193991535     0.03693398767750501
1.7999235000000005        0.5                      1.1304465622365212E-181  1.5613811189555822E-11
1.8000000000000005        0.5                      1.0437010410016683E-181  1.5613774318615928E-11
1.7996940000000003        0.5                      1.1979522075875992E-181  1.5613910985173457E-11
1.7996060250000003        0.5                      1.5495069588630738E-181  1.5614044701149287E-11
1.7993421000000003        0.5                      1.8230795057006508E-181  1.561440663394375E-11
1.7992409287500004        0.5                      2.750770495568138E-181   1.561468148958854E-11
1.7989374150000004        0.5                      3.4726325106094027E-181  1.5615425485906128E-11
1.7988210680625003        0.5                      5.90607366672246E-181    1.56159021890459E-11
1.7984720272500003        0.5                      7.799410950284223E-181   1.5617192632262676E-11
1.7983382282718754        0.5                      1.4839676901555033E-180  1.561795400648809E-11
1.7979368313375004        0.5                      2.0316626729544057E-180  1.562001519327985E-11
1.796912756576705         0.5                      1.593609990401033E-179   1.562777143560627E-11
1.7971334071034974        0.5                      1.0571710103355572E-179  1.5626017999617442E-11
1.7951757145702048        0.5                      -2.2992614960973054E-178 1.5648109635058638E-11
1.7956083508519076        0.5                      -1.2912722554384723E-178 1.5642841485857418E-11
1.7927558265815513        0.5                      5.165057514102341E-178   1.569382272669368E-11
1.7919117931405384        0.5                      1.0147217911162912E-177  1.5711162248515657E-11
1.7854757643595558        0.5                      -3.273508496334139E-177  1.593340276405151E-11
1.7870812539494372        0.5                      -1.556664148086541E-177  1.587386570880633E-11
1.7768792608649304        0.5                      1.1256135452354595E-176  1.644368135212115E-11
1.779026854858471         0.5                      5.421539736366558E-177   1.630672103946352E-11
1.7685319003968705        0.5                      -1.8527135470132873E-176 1.7214515883452104E-11
1.7657362342633818        0.5                      -3.854784660437477E-176  1.749930516440308E-11
1.7571600000000003        0.5                      1.6977686708625794E-175  1.86458370539895E-11
1.763588096395425         0.5                      4.5190201778042126E-176  1.780832384648569E-11
1.7556300000000002        0.5                      -2.2944236627076197E-175 1.89185980216831E-11
1.7510400000000002        0.5                      -8.237691236072349E-175  1.9659757636700455E-11
1.7495100000000001        0.5                      8.77507017355069E-175    1.998021048908809E-11
1.7449200000000002        0.5                      3.4088992878882277E-174  2.0851224715027975E-11
1.74339                   0.5                      -3.5861404451484737E-174 2.122336593889603E-11
1.7388000000000001        0.5                      -1.39850671860293E-173   2.2235145556946782E-11
1.73727                   0.5                      1.4717063261992354E-173  2.266355452612928E-11
1.7326800000000002        0.5                      5.734483116164634E-173   2.382859670056869E-11
1.7311500000000002        0.5                      -6.0416135294114135E-173 2.4318512779977267E-11
1.72656                   0.5                      -2.3513291764395258E-172 2.5651113005900036E-11
1.7250299999999998        0.5                      2.480400702574012E-172   2.620852165066032E-11
1.72044                   0.5                      9.641279031163542E-172   2.7725010355664298E-11
1.71891                   0.5                      -1.0184071792080629E-171 2.8356739660899432E-11
1.71432                   0.5                      -3.9532910323317714E-171 3.007574749512205E-11
1.71279                   0.5                      4.181681614108788E-171   3.078957682763847E-11
1.7082000000000002        0.5                      1.621011098486889E-170   3.273233316325089E-11
1.7066700000000001        0.5                      -1.7171566284510236E-170 3.3537115707055004E-11
1.7020800000000003        0.5                      -6.646857452106566E-170  3.5727785430256584E-11
1.7005500000000002        0.5                      7.051765129420366E-170   3.6633586708267334E-11
1.6959600000000008        0.5                      2.725524100988998E-169   3.909965103172448E-11
1.6944300000000005        0.5                      -2.896104897588052E-169  4.011790573024258E-11
1.6898400000000007        0.5                      -1.1176017787267847E-168 4.289059349378559E-11
1.6883100000000004        0.5                      1.1894845123674206E-168  4.403428321889281E-11
1.6837200000000005        0.5                      4.582765663877157E-168   4.71490599942495E-11
1.6821900000000005        0.5                      -4.88574592187005E-168   4.84329149355845E-11
1.6776000000000004        0.5                      -1.879194962852549E-167  5.193003822182931E-11
1.6760700000000002        0.5                      2.0069200449628565E-167  5.337076609507833E-11
1.6714800000000003        0.5                      7.705836103359659E-167   5.7295916002119915E-11
1.6699500000000003        0.5                      -8.2443398783435E-167    5.891246209375417E-11
1.6653600000000004        0.5                      -3.159886999312277E-166  6.331745818058269E-11
1.6638300000000004        0.5                      3.386942649110409E-166   6.513130083453635E-11
1.6592400000000007        0.5                      1.2957681826979244E-165  7.007491721864989E-11
1.6577100000000007        0.5                      -1.3915071638858746E-165 7.21104036933363E-11
1.6531200000000004        0.5                      -5.313579305786994E-165  7.765929620219213E-11
1.6515900000000001        0.5                      5.717263454491616E-165   7.994402449733329E-11
1.6470000000000005        0.5                      2.178969940049754E-164   8.617378551944247E-11
1.6454700000000004        0.5                      -2.3491763609016587E-164 8.873903853666983E-11
1.6408800000000003        0.5                      -8.93551628842074E-164   9.573539738059771E-11
1.6393500000000003        0.5                      9.653108717712078E-164   9.861663665222522E-11
1.6347600000000004        0.5                      3.664312686640845E-163   1.0647682567162156E-10
1.6332300000000002        0.5                      -3.9668194087146697E-163 1.0971425288261598E-10
1.6286400000000003        0.5                      -1.5026920542598735E-162 1.185485624149164E-10
1.6271100000000003        0.5                      1.6301997192017384E-162  1.2218775806990093E-10
1.62252                   0.5                      6.162432397385448E-162   1.3212130641103537E-10
1.62099                   0.5                      -6.699800103607224E-162  1.362139562793567E-10
1.6164                    0.5                      -2.5271975218873454E-161 1.4738870452830255E-10
1.61487                   0.5                      2.753626394879943E-161   1.5199342595624895E-10
1.6102800000000002        0.5                      1.0364089971690419E-160  1.6457047166994963E-10
1.6087500000000001        0.5                      -1.1318003345669865E-160 1.6975375350327126E-10
1.60416                   0.5                      -4.2503848862599407E-160 1.839159417702459E-10
1.60263                   0.5                      4.6521717795503327E-160  1.8975321350832614E-10
1.5980400000000001        0.5                      1.7431331747305168E-159  2.0570810935286537E-10
1.5965099999999999        0.5                      -1.9123275436585133E-159 2.1228495728763066E-10
1.5919200000000004        0.5                      -7.148883718388605E-159  2.3026822933988456E-10
1.5903900000000002        0.5                      7.861201389651768E-159   2.376817798509569E-10
1.5858000000000003        0.5                      2.931915049034432E-158   2.5796105205644047E-10
1.5842700000000003        0.5                      -3.2317306672264554E-158 2.6632154497646136E-10
1.5796800000000004        0.5                      -1.2024586409523957E-157 2.892007808786459E-10
1.5781500000000004        0.5                      1.3286190763038074E-157  2.986333589510167E-10
1.5735600000000003        0.5                      4.931677382382895E-157   3.2445785188319477E-10
1.57203                   0.5                      -5.462411174259275E-157  3.3510459585585716E-10
1.56744                   0.5                      -2.0226700607844242E-156 3.642666483592159E-10
1.56591                   0.5                      2.2458790593953058E-156  3.7628889124539906E-10
1.5613200000000003        0.5                      8.295860525846716E-156   4.092342783417431E-10
1.55979                   0.5                      -9.234341111521037E-156  4.228152368911794E-10
1.5552000000000001        0.5                      -3.402545776644851E-155  4.60050560652536E-10
1.5536699999999999        0.5                      3.7970168743651395E-155  4.753983271809627E-10
1.5490800000000005        0.5                      1.3955737180673327E-154  5.174993845467761E-10
1.5475500000000002        0.5                      -1.5613336060605395E-154 5.348503280421459E-10
1.5429600000000003        0.5                      -5.724110237067141E-154  5.824716302540209E-10
1.54143                   0.5                      6.420442428045081E-154   6.020942621978533E-10
1.5368399999999998        0.5                      2.3478466556921831E-153  6.55979862793139E-10
1.53531                   0.5                      -2.640278730475881E-153  6.781792304982066E-10
1.5307200000000003        0.5                      -9.630262642013198E-153  7.391750397983601E-10
1.5291900000000003        0.5                      1.0857996024654567E-152  7.642977183731852E-10
1.5246000000000004        0.5                      3.950147646749256E-152   8.333655061227762E-10
1.5230700000000004        0.5                      -4.465439092591146E-152  8.618052695451939E-10
1.5184800000000003        0.5                      -1.620300068216184E-151  9.400385841403575E-10
1.5169500000000002        0.5                      1.8365077540612663E-151  9.72242846486117E-10
1.5123600000000004        0.5                      6.646371704336601E-151   1.0608851094545083E-9
1.5108300000000003        0.5                      -7.553269571056719E-151  1.0973622392260192E-9
1.5062400000000005        0.5                      -2.726346086827533E-150  1.197827307702496E-9
1.5047100000000002        0.5                      3.1066358262945077E-150  1.2391549315976208E-9
1.5001200000000003        0.5                      1.1183678051529433E-149  1.353050459948772E-9
1.4985900000000003        0.5                      -1.2777867390511794E-149 1.3998848874774186E-9
1.4940000000000002        0.5                      -4.587708001102237E-149  1.529038862481972E-9
1.4924700000000002        0.5                      5.2557972749812944E-149  1.5821257797760289E-9
1.4878800000000005        0.5                      1.881977589480312E-148   1.728616652442874E-9
1.4863500000000003        0.5                      -2.161874935910948E-148  1.7888032526310904E-9
1.4817600000000002        0.5                      -7.720418121602876E-148  1.954994144470855E-9
1.4802300000000002        0.5                      8.892703218586766E-148   2.0232428833453725E-9
1.4756400000000003        0.5                      3.1671965492081966E-147  2.211820406410682E-9
1.47411                   0.5                      -3.6580349048156464E-147 2.2892245960629978E-9
1.4695200000000002        0.5                      -1.299323085589203E-146  2.503242895118898E-9
1.46799                   0.5                      1.504777381552779E-146   2.591044375063099E-9
1.4634000000000005        0.5                      5.330492824658771E-146   2.83397507770262E-9
1.4618700000000002        0.5                      -6.190227077366537E-146  2.9335842330543654E-9
1.4572800000000004        0.5                      -2.1868840813593998E-145 3.2093730803841395E-9
1.45575                   0.5                      2.5465392940820818E-145  3.32239151029056E-9
1.4511599999999998        0.5                      8.9720663629458E-145     3.6355225380379595E-9
1.44963                   0.5                      -1.0476186536606999E-144 3.763768715125704E-9
1.44504                   0.5                      -3.681015324697676E-144  4.119336963772561E-9
1.44351                   0.5                      4.3098749870883227E-144  4.264875267339691E-9
1.43892                   0.5                      1.5102586348453794E-143  4.668669121460761E-9
1.43739                   0.5                      -1.7731044042613308E-143 4.83384267396303E-9
1.4328                    0.5                      -6.19646072376652E-143   5.292437066743519E-9
1.4312699999999998        0.5                      7.294771799310166E-143   5.4799048552871776E-9
1.42668                   0.5                      2.542405759122817E-142   6.000766725634605E-9
1.42515                   0.5                      -3.0012105633597892E-142 6.2135455482727E-9
1.4205600000000005        0.5                      -1.0431696181450599E-141 6.805153106737075E-9
1.4190300000000002        0.5                      1.2347759715622459E-141  7.0466649479719625E-9
1.41444                   0.5                      4.2802980771685194E-141  7.718642495638182E-9
1.4129099999999997        0.5                      -5.0802656216612666E-141 7.992768007294265E-9
1.4083199999999998        0.5                      -1.756314263471016E-140  8.756038260802647E-9
1.4067899999999998        0.5                      2.0902143420334602E-140  9.067177104073019E-9
1.4022                    0.5                      7.2067537650719735E-140  9.934133212102477E-9
1.4006699999999999        0.5                      -8.600050314372481E-140  1.0287272104843105E-8
1.39608                   0.5                      -2.9572394367188667E-139 1.127197179901555E-8
1.39455                   0.5                      3.538478368631428E-139   1.1672761210083247E-8
1.38996                   0.5                      1.213508303521665E-138   1.2791145818778226E-8
1.3884299999999998        0.5                      -1.455918644169753E-138  1.3245986359259423E-8
1.38384                   0.5                      -4.979761911256006E-138  1.4516127728892332E-8
1.38231                   0.5                      5.990489505116018E-138   1.5032267409391737E-8
1.3777199999999998        0.5                      2.043544377862438E-137   1.647464612714527E-8
1.3761899999999998        0.5                      -2.464857383288916E-137  1.7060289781895407E-8
1.3716                    0.5                      -8.386279592406295E-137  1.8698108479715496E-8
1.3700699999999997        0.5                      1.0142037364948162E-136  1.936254080320112E-8
1.3654799999999998        0.5                      3.4416323204532276E-136  2.1222076748306017E-8
1.3639499999999998        0.5                      -4.1731326960606304E-136 2.197580054949799E-8
1.35936                   0.5                      -1.4124385889073618E-135 2.408680219511117E-8
1.3578299999999999        0.5                      1.7171270117871584E-135  2.4941693649466096E-8
1.3532400000000002        0.5                      5.796752289873607E-135   2.733782633460171E-8
1.3517100000000002        0.5                      -7.065543086183693E-135  2.8307309205962565E-8
1.3471199999999999        0.5                      -2.3790856086723864E-134 3.102665575867109E-8
1.3455899999999998        0.5                      2.907309414909704E-134   3.212589677340892E-8
1.341                     0.5                      9.76440197428601E-134    3.5211519391931125E-8
1.33947                   0.5                      -1.1962975602472252E-133 3.645764717746764E-8
1.3348799999999998        0.5                      -4.007666484094684E-133  3.9958217642446366E-8
1.3333499999999998        0.5                      4.922538520503018E-133   4.1370567893089634E-8
1.32876                   0.5                      1.6449319139630554E-132  4.5341073905670956E-8
1.32723                   0.5                      -2.0255392720912547E-132 4.694146371196979E-8
1.3226399999999998        0.5                      -6.751725826548218E-132  5.144399996177097E-8
1.3211099999999998        0.5                      8.334768701796708E-132   5.325703453687881E-8
1.3165200000000001        0.5                      2.771355706765945E-131   5.836168798505834E-8
1.3149899999999999        0.5                      -3.4296317015421105E-131 6.041510334430512E-8
1.3104                    0.5                      -1.137576020533574E-130  6.620094316494723E-8
1.30887                   0.5                      1.4112442378049972E-130  6.852598866450264E-8
1.3042800000000003        0.5                      4.669596445811109E-130   7.508217232700452E-8
1.3027500000000003        0.5                      -5.8070740705312155E-130 7.771403734572618E-8
1.2981600000000004        0.5                      -1.9168543381848948E-129 8.514104544695595E-8
1.2966300000000004        0.5                      2.389531537492752E-129   8.811933490376215E-8
1.2920400000000005        0.5                      7.868823267820582E-129   9.653034857547762E-8
1.2905100000000005        0.5                      -9.832594356220384E-129  9.989961241437206E-8
1.2859200000000006        0.5                      -3.2302896095400844E-128 1.0942204844389367E-7
1.2843900000000006        0.5                      4.0459748418556E-128     1.1323237069127879E-7
1.2798000000000005        0.5                      1.3261241702653773E-127  1.2400959090583814E-7
1.2782700000000005        0.5                      -1.6648598673923132E-127 1.2831724441143406E-7
1.2736800000000006        0.5                      -5.444249884723986E-127  1.405104573931988E-7
1.2721500000000003        0.5                      6.850644026868781E-127   1.4537863090789401E-7
1.2675600000000005        0.5                      2.2351316413065913E-126  1.591690057318737E-7
1.2660300000000004        0.5                      -2.8189287231620577E-126 1.6466861055410616E-7
1.2614400000000006        0.5                      -9.176549738252958E-126  1.8025962397724683E-7
1.2599100000000005        0.5                      1.1599400361804403E-125  1.8647018801492355E-7
1.2553200000000004        0.5                      3.767619719030944E-125   2.0409022839530443E-7
1.2537900000000004        0.5                      -4.772934930528598E-125  2.1110088614330568E-7
1.2492000000000008        0.5                      -1.5469136840353769E-124 2.310061393353153E-7
1.2476700000000005        0.5                      1.963965289084283E-124   2.3891672695964445E-7
1.2430800000000004        0.5                      6.351503476960475E-124   2.613943715157345E-7
1.2415500000000004        0.5                      -8.081281154626667E-124  2.7031663696424084E-7
1.2369600000000005        0.5                      -2.6079453892269982E-123 2.956883781768009E-7
1.2354300000000005        0.5                      3.325251837608995E-123   3.057473170027549E-7
1.2308400000000004        0.5                      1.0708582634366E-122     3.3437329163978333E-7
1.2293100000000003        0.5                      -1.3682535840693886E-122 3.457086200274439E-7
1.2247200000000005        0.5                      -4.3972088022543553E-122 3.779917060510112E-7
1.2231900000000002        0.5                      5.62997142077703E-122    3.9075948337040154E-7
1.2186000000000003        0.5                      1.805651072192452E-121   4.2715005147398633E-7
1.2170700000000003        0.5                      -2.316557869403705E-121  4.4152446556332746E-7
1.2124800000000004        0.5                      -7.414848168381119E-121  4.8252561201732E-7
1.2109500000000004        0.5                      9.531852557732537E-121   4.987009412934526E-7
1.2063600000000003        0.5                      3.0449658731428447E-120  5.448742443407133E-7
1.2048300000000003        0.5                      -3.922008361567906E-120  5.630670117670243E-7
1.2002400000000004        0.5                      -1.2504731545854372E-119 6.150388566527531E-7
1.1987100000000004        0.5                      1.6137512703218564E-119  6.354901915465683E-7
1.1941200000000003        0.5                      5.135445574299279E-119   6.939587121874712E-7
1.1925900000000003        0.5                      -6.639898095753121E-119  7.16936936819694E-7
1.1880000000000004        0.5                      -2.1090833411228223E-118 7.82679625102385E-7
1.1864700000000004        0.5                      2.732013405314719E-118   8.084830840255516E-7
1.1818800000000007        0.5                      8.662061021235798E-118   8.823651207564755E-7
1.1803500000000007        0.5                      -1.1240890033032721E-117 9.113252717865441E-7
1.1757600000000004        0.5                      -3.5576289956027374E-117 9.943086363754816E-7
1.1742300000000003        0.5                      4.625033764870793E-117   1.0267934231398278E-6
1.1696400000000005        0.5                      1.4612079404259112E-116  1.1199468421633348E-6
1.1681100000000004        0.5                      -1.902941037549835E-116  1.1563643691036773E-6
1.1635200000000003        0.5                      -6.001715018860473E-116  1.260874166937903E-6
1.1619900000000003        0.5                      7.829460903604886E-116   1.3016766986121852E-6
1.1574000000000004        0.5                      2.4651918391180373E-115  1.4188586163152793E-6
1.1558700000000004        0.5                      -3.221323834631696E-115  1.4645469237656934E-6
1.1512800000000003        0.5                      -1.0126004184056656E-114 1.5958589752956266E-6
1.1497500000000003        0.5                      1.3253568040777358E-114  1.6469870531282793E-6
1.1451600000000004        0.5                      4.15946558883068E-114    1.7940434907651993E-6
1.1436300000000004        0.5                      -5.4528938872479714E-114 1.8512236694072403E-6
1.1390400000000003        0.5                      -1.7086339900227872E-113 2.0158101328695523E-6
1.1375100000000002        0.5                      2.2434531506164582E-113  2.079718611216366E-6
1.1329200000000004        0.5                      7.018957918022154E-113   2.263808537370118E-6
1.1313900000000001        0.5                      -9.230019299141341E-113  2.335191361692922E-6
1.1268000000000002        0.5                      -2.8834229023165136E-112 2.5409637339080464E-6
1.1252700000000002        0.5                      3.797377638960662E-112   2.6206432494429064E-6
1.1206800000000003        0.5                      1.1845575675065073E-111  2.850501767491507E-6
1.1191500000000003        0.5                      -1.5622857787438728E-111 2.9393835695561773E-6
1.1145600000000004        0.5                      -4.866493364982201E-111  3.195977322422823E-6
1.1130300000000004        0.5                      6.427359976923665E-111   3.295057734188436E-6
1.1084400000000003        0.5                      1.9993473308509952E-110  3.581303459210714E-6
1.1069100000000003        0.5                      -2.6442357471832675E-110 3.691677563370694E-6
1.1023200000000002        0.5                      -8.214337002416367E-110  4.010783575685938E-6
1.1007900000000002        0.5                      1.0878351303580378E-109  4.133653827192673E-6
1.0962000000000003        0.5                      3.374962495369268E-109   4.489145703466537E-6
1.0946700000000003        0.5                      -4.475291308058401E-109  4.625831150226101E-6
1.0900800000000004        0.5                      -1.3866841711876751E-108 5.021579250016252E-6
1.0885500000000001        0.5                      1.8410892078884633E-108  5.173525387919511E-6
1.0839600000000003        0.5                      5.697683787019527E-108   5.613774294707291E-6
1.0824300000000002        0.5                      -7.573970742116444E-108  5.782563582609731E-6
1.0778400000000006        0.5                      -2.341161151557768E-107  6.271963544446311E-6
1.0763100000000003        0.5                      3.11578631484516E-107    6.459326603665991E-6
1.0717200000000002        0.5                      9.620030719883504E-107   7.002967050457142E-6
1.0701900000000002        0.5                      -1.2817606920922864E-106 7.2107945720177494E-6
1.0656000000000003        0.5                      -3.953063528190709E-106  7.814239782638301E-6
1.0640700000000003        0.5                      5.272802075522146E-106   8.044595163821448E-6
1.0594800000000002        0.5                      1.6244386483265305E-105  8.713922151441463E-6
1.0579500000000002        0.5                      -2.1690583259228545E-105 8.969054881206425E-6
1.0533600000000003        0.5                      -6.675518704077938E-105  9.710893559353866E-6
1.0518300000000003        0.5                      8.922698956001065E-105   9.9932533698177E-6
1.0472400000000002        0.5                      2.743335364041781E-104   1.0814829054744511E-5
1.0457100000000001        0.5                      -3.670426366939079E-104  1.1127080853170264E-5
1.0411200000000003        0.5                      -1.1274180015206571E-103 1.2036259149960622E-5
1.03959                   0.5                      1.509844006502904E-103   1.2381298742563638E-5
1.0350000000000001        0.5                      4.633436353027525E-103   1.338663285308357E-5
1.03347                   0.5                      -6.210734431395789E-103  1.3767603468421678E-5
1.0288800000000002        0.5                      -1.904292282151781E-102  1.4878383948613814E-5
1.02735                   0.5                      2.5547546107555337E-102  1.5298693564369675E-5
1.0227600000000001        0.5                      7.826654733424171E-102   1.652500054651463E-5
1.02123                   0.5                      -1.0508744134918562E-101 1.6988340019100075E-5
1.0166400000000002        0.5                      -3.216850666364122E-101  1.8341097901472004E-5
1.0151100000000002        0.5                      4.322628246274983E-101   1.885145989308768E-5
1.0105200000000003        0.5                      1.322201892009589E-100   2.034249448492738E-5
1.0089900000000003        0.5                      -1.7780356054041496E-100 2.0904193177496726E-5
1.0044000000000002        0.5                      -5.434715190808106E-100  2.2546291271407378E-5
1.0028700000000002        0.5                      7.313555792975428E-100   2.316398285118604E-5
0.9982800000000003        0.5                      2.233921655545299E-99    2.497095417796418E-5
0.9967500000000001        0.5                      -3.0082389547514473E-99  2.5649658068617154E-5
0.9921600000000002        0.5                      -9.182717242740071E-99   2.7636399571192036E-5
0.99063                   0.5                      1.2373477803736134E-98   2.8381520386753926E-5
0.9860400000000001        0.5                      3.774736156375128E-98    3.056408273039009E-5
0.9845100000000001        0.5                      -5.0894050678800056E-98  3.1381432912809404E-5
0.9799200000000002        0.5                      -1.551722643551143E-97   3.3777089128121176E-5
0.9783900000000001        0.5                      2.0933320408872419E-97   3.467291222707197E-5
0.9738000000000001        0.5                      6.379016013101621E-97    3.730022836079933E-5
0.9722700000000001        0.5                      -8.61004033493151E-97    3.8281222906166556E-5
0.9676800000000002        0.5                      -2.6224388869097213E-96  4.1160130532200255E-5
0.9661500000000001        0.5                      3.5413456123598453E-96   4.223347444216312E-5
0.9615600000000001        0.5                      1.0781250586450504E-95   4.53853448621472E-5
0.9600299999999999        0.5                      -1.4565574161566738E-95  4.655872032215076E-5
0.9554400000000001        0.5                      -4.432461542051301E-95   5.0006440261288453E-5
0.95391                   0.5                      5.9907774404814927E-95   5.128805900148273E-5
0.9493199999999999        0.5                      1.8223545491145475E-94   5.505610758115616E-5
0.9477899999999999        0.5                      -2.4639685664006535E-94  5.645473647215986E-5
0.9432000000000001        0.5                      -7.492604860297689E-94   6.056926321684453E-5
0.9416700000000001        0.5                      1.0134064560196207E-93   6.209425009604738E-5
0.9370800000000002        0.5                      3.080667536547568E-93    6.658315370803253E-5
0.9355500000000001        0.5                      -4.168010732405126E-93   6.82444533411678E-5
0.9309600000000002        0.5                      -1.266685723293902E-92   7.313746095303643E-5
0.9294300000000002        0.5                      1.714236694929275E-92    7.494566102853487E-5
0.9248400000000002        0.5                      5.208407485480905E-92    8.027440762052156E-5
0.9233100000000001        0.5                      -7.050333943649585E-92   8.224075466729767E-5
0.9187200000000004        0.5                      -2.1416725139987924E-91  8.80388623148337E-5
0.9171900000000003        0.5                      2.899650684353593E-91    9.017528742775987E-5
0.9126000000000004        0.5                      8.806699897340833E-91    9.647844402405828E-5
0.9110700000000003        0.5                      -1.192556402136552E-90   9.879758827556428E-5
0.9064800000000004        0.5                      -3.6214738536738157E-90  1.0564362535534095E-4
0.9049500000000004        0.5                      4.904667719597799E-90    1.0815886476645074E-4
0.9003600000000005        0.5                      1.4892565921590247E-89   1.1558783404018403E-4
0.8988300000000004        0.5                      -2.01714835091715E-89    1.1831330397996948E-4
0.8942400000000004        0.5                      -6.1244307447105954E-89  1.2636755217378774E-4
0.8927100000000003        0.5                      8.295906599127081E-89    1.2931817105281347E-4
0.8881200000000005        0.5                      2.5186855185385874E-88   1.3804241263758383E-4
0.8865900000000003        0.5                      -3.411833408479554E-88   1.4123390475853192E-4
0.8820000000000005        0.5                      -1.0358435946809704E-87  1.5067529214330685E-4
0.8804700000000003        0.5                      1.403168806359247E-87    1.5412420957072257E-4
0.8758800000000003        0.5                      4.26016530304551E-87     1.6433240033075414E-4
0.8743500000000003        0.5                      -5.7707247930118015E-87  1.6805614364184403E-4
0.8697600000000003        0.5                      -1.7521478456709128E-86  1.7908336435022324E-4
0.8682300000000002        0.5                      2.3732820103514184E-86   1.8310020212996403E-4
0.8636400000000003        0.5                      7.2065447298842E-86      1.9500130836489887E-4
0.8621100000000002        0.5                      -9.760388051592751E-86   1.9933039531145287E-4
0.8575200000000003        0.5                      -2.9641178940437673E-85  2.1216292741851528E-4
0.8559900000000003        0.5                      4.0140593835261075E-85   2.1682432092919046E-4
0.8514000000000004        0.5                      1.2192027131691322E-84   2.3064855512983486E-4
0.8498700000000003        0.5                      -1.6508199074218664E-84  2.3566323024361584E-4
0.8452800000000005        0.5                      -5.014971189891332E-84   2.5054222469805473E-4
0.8437500000000003        0.5                      6.789144139205728E-84    2.559320872781228E-4
0.8391600000000004        0.5                      2.062875678038902E-83    2.7193172273242913E-4
0.8376300000000002        0.5                      -2.7920939456244177E-83  2.7771962078111776E-4
0.8330400000000003        0.5                      -8.485741121447501E-83   2.949086354553242E-4
0.8315100000000002        0.5                      1.1482724260678951E-82   3.0111836846461284E-4
0.8269200000000001        0.5                      3.490749086018359E-82    3.195683868706018E-4
0.8253900000000001        0.5                      -4.722369977881641E-82   3.2622471312354726E-4
0.8208000000000002        0.5                      -1.4360172062136895E-81  3.460102685387035E-4
0.81927                   0.5                      1.9421175200893136E-81   3.5313891029111036E-4
0.8146800000000001        0.5                      5.907623885149703E-81    3.74337460655977E-4
0.8131499999999999        0.5                      -7.98714729511201E-81    3.819651071430353E-4
0.80856                   0.5                      -2.430402738520173E-80   4.0465704419831363E-4
0.8070299999999999        0.5                      3.2847993473987138E-80   4.1281135242785937E-4
0.80244                   0.5                      9.998984654908872E-80    4.3708000395799285E-4
0.8009099999999999        0.5                      -1.3509125744153677E-79  4.457895972703238E-4
0.7963199999999999        0.5                      -4.113825283456514E-79   4.7172122237708905E-4
0.7947899999999998        0.5                      5.555807346426509E-79    4.810156867707939E-4
0.7901999999999999        0.5                      1.6925757334851917E-78   5.086994641606259E-4
0.7886699999999998        0.5                      -2.2849091815513563E-78  5.186093424045144E-4
0.7840799999999999        0.5                      -6.964063904506115E-78   5.481373517371418E-4
0.7825499999999997        0.5                      9.3970782558909E-78      5.586941353099322E-4
0.7779599999999999        0.5                      2.865430005371314E-77    5.901613317227681E-4
0.7764299999999997        0.5                      -3.864730295710019E-77   6.013974506444873E-4
0.7718399999999999        0.5                      -1.1790421536198328E-76  6.349016326366696E-4
0.7703099999999998        0.5                      1.589455255234194E-76    6.468504432785814E-4
0.7657199999999998        0.5                      4.85155980143375E-76     6.824922142096572E-4
0.7641899999999997        0.5                      -6.537030570667873E-76   6.951879851926269E-4
0.7595999999999998        0.5                      -1.9963929844182022E-75  7.330707087238774E-4
0.7580699999999998        0.5                      2.6885378515808473E-75   7.465486050385078E-4
0.7534799999999999        0.5                      8.215298281899866E-75    7.867783549159434E-4
0.7519499999999999        0.5                      -1.1057464864847944E-74  8.010744204203793E-4
0.74736                   0.5                      -3.380752391049719E-74   8.437599250727278E-4
0.74583                   0.5                      4.547776429380108E-74    8.589110635470486E-4
0.7412399999999999        0.5                      1.3912852880969335E-73   9.041636460432002E-4
0.7397099999999999        0.5                      -1.8704544248437008E-73  9.202076010013227E-4
0.7351199999999999        0.5                      -5.725743700651815E-73   9.681411149785758E-4
0.7335899999999999        0.5                      7.693075769876393E-73    9.851164484588957E-4
0.729                     0.5                      2.3564627743238746E-72   0.0010358472107015394
0.7274699999999998        0.5                      -3.1641577085147223E-72  0.0010537932812775992
0.72288                   0.5                      -9.698449818731805E-72   0.0011074400016869638
0.7213499999999998        0.5                      1.3014331123991806E-71   0.0011263969419575124
0.7167599999999998        0.5                      3.991693805430912E-71    0.0011830806517125609
0.7152299999999998        0.5                      -5.352930413566732E-71   0.0012030893455467454
0.7106399999999998        0.5                      -1.642953901496209E-70   0.001262933324306716
0.7091099999999997        0.5                      2.2017487711257157E-70   0.0012840353841345369
0.7045199999999998        0.5                      6.762494215963931E-70    0.001347165087181523
0.7029899999999998        0.5                      -9.056299178945488E-70   0.001369402831631911
0.6983999999999998        0.5                      -2.783568556969897E-69   0.001435945817890923
0.6968699999999998        0.5                      3.725126430573482E-69    0.0014593622500895962
0.6922799999999998        0.5                      1.145804562373199E-68    0.0015294481119959228
0.6907499999999996        0.5                      -1.5322829334259504E-68  0.0015540868988424368
0.6861599999999998        0.5                      -4.7166419772502696E-68  0.0016278471950505915
0.6846299999999997        0.5                      6.302967188873856E-68    0.0016537526477985861
0.6800399999999998        0.5                      1.9416419789159E-67      0.0017313208397433137
0.6785099999999997        0.5                      -2.592744471282215E-67   0.0017585378962097571
0.6739199999999997        0.5                      -7.99317672885625E-67    0.0018400492895372846
0.6723899999999996        0.5                      1.0665554526479831E-66   0.0018686234982654027
0.6677999999999997        0.5                      3.2906663564909274E-66   0.0019542151901517963
0.6662699999999997        0.5                      -4.3874955790036536E-66  0.0019841926968486158
0.6616799999999998        0.5                      -1.3547607959376618E-65  0.0020740035302124872
0.6601499999999998        0.5                      1.8049283129253993E-65   0.002105431066775216
0.6555599999999999        0.5                      5.577709514240734E-65    0.002199601592373187
0.6540299999999999        0.5                      -7.425295380469091E-65   0.0022325264688092847
0.6494400000000001        0.5                      -2.29648622381002E-64    0.002331198916174983
0.6479100000000001        0.5                      3.0547701083473474E-64   0.0023656690157090538
0.6433200000000003        0.5                      9.455547110745034E-64    0.002468987273860502
0.6417900000000003        0.5                      -1.2567672966716558E-63  0.0025050510515071604
0.6372000000000003        0.5                      -3.893359824616162E-63   0.002613160660303186
0.6356700000000002        0.5                      5.170627885527483E-63    0.0026508671451691973
0.6310800000000003        0.5                      1.6031630364697624E-62   0.0027639152981434505
0.6295500000000003        0.5                      -2.1273763001393916E-62  0.0028033140997051607
0.6249600000000004        0.5                      -6.60155615350891E-62    0.0029214496591470317
0.6234300000000003        0.5                      8.75303222763522E-62     0.0029625909777307776
0.6188400000000003        0.5                      2.718508289452609E-61    0.0030859645027166297
0.6173100000000001        0.5                      -3.6015254500224864E-61  0.003128899144390941
0.6127200000000003        0.5                      -1.1195176559936108E-60  0.0032576629323977846
0.6111900000000001        0.5                      1.4819337322748684E-60   0.0033024423284670713
0.6066000000000003        0.5                      4.6104936352716064E-60   0.0034367504711252227
0.6050700000000002        0.5                      -6.097980255901143E-60   0.0034834267023956217
0.6004800000000003        0.5                      -1.8988049715946238E-59  0.0036234351558581735
0.5989500000000003        0.5                      2.5093358569519753E-59   0.0036720609818274752
0.5943600000000003        0.5                      7.820418947991891E-59    0.0038179276521546966
0.5928300000000002        0.5                      -1.0326371578326654E-58  0.003868556545259822
0.5882400000000003        0.5                      -3.221044234204893E-58   0.004020441389136261
0.5867100000000002        0.5                      4.2496535509811045E-58   0.004073127574173988
0.5821200000000003        0.5                      1.326724249515108E-57    0.0042311927151959675
0.5805900000000002        0.5                      -1.748947551363E-57      0.00428599121401611
0.5760000000000003        0.5                      -5.464900579593689E-57   0.004450401074705819
0.5744700000000003        0.5                      7.198105446251796E-57    0.004507367756262561
0.5698800000000003        0.5                      2.251136397314133E-56    0.0046782892058783495
0.5683500000000002        0.5                      -2.962637229443076E-56   0.004737480841718341
0.5637600000000004        0.5                      -9.273413842351093E-56   0.004915083359833036
0.5622300000000003        0.5                      1.2194340350678964E-55   0.004976557685103583
0.5576400000000005        0.5                      3.820288105806511E-55    0.005161013540805624
0.5561100000000003        0.5                      -5.0194767062821905E-55  0.005224829320890564
0.5515200000000002        0.5                      -1.5738799665579317E-54  0.00541631376731865
0.5499900000000001        0.5                      2.0662345432902657E-54   0.005482530870262579
0.5454000000000002        0.5                      6.484350833603077E-54    0.005681222354013809
0.5438700000000002        0.5                      -8.505945681089471E-54   0.005749901828984555
0.5392800000000004        0.5                      -2.671660157193717E-53   0.005955982213752408
0.5377500000000003        0.5                      3.501774646382969E-53    0.006027186375918113
0.5331600000000003        0.5                      1.1008196214602557E-52   0.0062408411795630975
0.5316300000000002        0.5                      -1.441707625256923E-52   0.006314633701910407
0.5270400000000002        0.5                      -4.535986920904914E-52   0.006536052346126198
0.52551                   0.5                      5.935952842667497E-52    0.0066124983588812
0.5209200000000002        0.5                      1.8691690176849078E-51   0.006841874430826681
0.5193900000000001        0.5                      -2.4441552574918855E-51  0.00692104062918683
0.5148000000000003        0.5                      -7.702771033979997E-51   0.007158572155092352
0.5132700000000001        0.5                      1.0064521176531868E-50   0.007240526915821035
0.5086800000000002        0.5                      3.174443094390512E-50    0.007486416647855671
0.5071500000000001        0.5                      -4.1446163110017337E-50  0.007571230154780026
0.5025600000000001        0.5                      -1.308310352983868E-49   0.007825685874565221
0.50103                   0.5                      1.7068814634044705E-49   0.007913430251989036
0.4964400000000001        0.5                      5.3923396519868794E-49   0.008176665097118275
0.49491000000000007       0.5                      -7.029932688546936E-49   0.008267414548490273
0.49032000000000026       0.5                      -2.2226317401934738E-48  0.008539647372056522
0.48879000000000017       0.5                      2.895534422890734E-48    0.00863347831891749
0.4842000000000003        0.5                      9.161829442796249E-48    0.008914934095731545
0.48267000000000015       0.5                      -1.1927160820867828E-47  0.009011925309232048
0.4780800000000001        0.5                      -3.7767822591975426E-47  0.009302835604943872
0.47655000000000003       0.5                      4.913344801547181E-47    0.009403068319660625
0.47196000000000005       0.5                      1.5569956934615669E-46   0.009703671838558274
0.4704299999999999        0.5                      -2.024185521964302E-46   0.00980722983697026
0.46584000000000003       0.5                      -6.419176108519714E-46   0.010117773058509895
0.46431                   0.5                      8.339833962092909E-46    0.010224742715803615
0.45972000000000013       0.5                      2.6466609762278897E-45   0.010545480616481705
0.45819                   0.5                      -3.436367971700916E-45   0.010655950901118148
0.4536000000000001        0.5                      -1.091302737196629E-44   0.010987147735296365
0.4520700000000001        0.5                      1.416048982401928E-44    0.011101210172697462
0.4474800000000002        0.5                      4.500086705082894E-44    0.011443140253242013
0.44595000000000007       0.5                      -5.835720348785361E-44   0.011560888879046702
0.4413600000000002        0.5                      -1.8557781748397907E-43  0.011913837258850295
0.4398300000000001        0.5                      2.405190712938478E-43    0.012035368613903526
0.4352400000000002        0.5                      7.653527838042027E-43    0.01239963152926133
0.43371000000000004       0.5                      -9.91390439941022E-43    0.012525044777806478
0.42912000000000006       0.5                      -3.156665852948819E-42   0.012900929685582131
0.42758999999999997       0.5                      4.086781841824732E-42    0.013030326964781484
0.42300000000000015       0.5                      1.3020506151732382E-41   0.0134181520027611
0.42147                   0.5                      -1.6848494861777995E-41  0.01355163912604268
0.41688000000000014       0.5                      -5.371065443628337E-41   0.013951731867114375
0.41535                   0.5                      6.946805640952014E-41    0.014089419493769864
0.4107599999999999        0.5                      2.2157839263048067E-40   0.01450211496449445
0.40922999999999987       0.5                      -2.86454125881334E-40    0.014644120300940273
0.40464000000000006       0.5                      -9.141761268409428E-40   0.015069758400276264
0.40310999999999997       0.5                      1.181333389813293E-39    0.015216207405288016
0.3985200000000002        0.5                      3.771976894071053E-39    0.015655130081156206
0.3969900000000001        0.5                      -4.8723555146859936E-39  0.015806160007166815
0.39240000000000014       0.5                      -1.5564891130163854E-38  0.01625870879772611
0.39087000000000005       0.5                      2.0098157501490006E-38   0.01641447072496373
0.3862800000000001        0.5                      6.423361538866552E-38    0.016880985495175166
0.3847500000000001        0.5                      -8.291365651265409E-38   0.017041646333615268
0.38016000000000016       0.5                      -2.6510580150225067E-37  0.017522466163569703
0.3786300000000001        0.5                      3.420977917309792E-37    0.017688209454783808
0.3740400000000001        0.5                      1.0942539534798195E-36   0.018183676584149502
0.37251                   0.5                      -1.411662126859891E-36   0.018354701388328336
0.3679199999999999        0.5                      -4.517108947453092E-36   0.01886516882294295
0.3663899999999999        0.5                      5.825987345266693E-36    0.019041686083346276
0.3618000000000001        0.5                      1.8648682679592603E-35   0.019567528894859985
0.3602700000000001        0.5                      -2.4047430048397396E-35  0.019749754972960755
0.3556800000000002        0.5                      -7.699855937143043E-35   0.020291384503964387
0.3541500000000002        0.5                      9.927281424671556E-35    0.020479532072093836
0.3495600000000003        0.5                      3.1795501291916694E-34   0.021037411315405347
0.3480300000000003        0.5                      -4.098800663064906E-34   0.021231678523430005
0.3434400000000003        0.5                      -1.3131044772884118E-33  0.021806335995466573
0.3419100000000002        0.5                      1.6925848068109726E-33   0.022006895655640422
0.33732000000000023       0.5                      5.423572117798617E-33    0.022598934410966907
0.3357900000000002        0.5                      -6.990588595592116E-33   0.022805924952490342
0.3312000000000003        0.5                      -2.240403330892204E-32   0.023416023840733567
0.32968480074963136       0.5                      2.9120739212242575E-32   0.02362744614907645
0.32513920299852533       0.5                      9.31053546742731E-32     0.02425017691390697
0.32365091184145706       0.5                      -1.2224432401130105E-31  0.024464131775315458
0.3191860383702533        0.5                      -3.897035797872645E-31   0.025094511827074284
0.31772929633012886       0.5                      5.159481098924242E-31    0.02530998763244095
0.3133590702097572        0.5                      1.640850257534478E-30    0.025945688150873857
0.31195307281494367       0.5                      -2.2138215815316374E-30  0.026159347798111358
0.3077350806305036        0.5                      -7.001933062534357E-30   0.026791086612338554
0.3064392629755148        0.5                      9.97573198285673E-30     0.02699296112093746
0.3025518100105494        0.5                      3.106439973609268E-29    0.027591522775717667
0.3013566334414642        0.5                      -4.564648793032333E-29   0.027781956248019612
0.2977711037342099        0.5                      -1.409327271029861E-28   0.02834827922086119
0.2967976962925693        0.5                      2.4587010832287658E-28   0.028506413498535083
0.293877473967647         0.5                      7.26321712450166E-28     0.028977955850303126
0.29072698742206154       0.5                      -4.2272574495515306E-27  0.029496337319246668
0.291514397152104         0.5                      -2.0175495559357884E-27  0.02936639045942913
0.2881628822058321        0.5                      9.671360965663308E-27    0.02992480699129521
0.287308045003991         0.5                      2.0860322578216255E-26   0.030067982998064877
0.2845596057234911        0.5                      -1.3533900726781174E-25  0.030534455280869115
0.2866208248748364        0.5                      -4.8787184533402205E-26  0.030184713538938163
0.28401831423250773       0.5                      4.676627225050821E-25    0.030627447567959033
0.28239443975955747       0.5                      1.2172143149213472E-24   0.030906323267115787
0.2819237515065285        0.5                      -5.874826607399658E-24   0.03098795597897412
0.2805116867474413        0.5                      -1.4694904960201904E-23  0.031232853563176104
0.2801023926143726        0.5                      1.3567092170850099E-22   0.031304434461248774
0.27887451021516635       0.5                      3.228764822379101E-22    0.031519201745288467
0.27851860227336744       0.5                      2.493544065959141E-20    0.031581906397010626
0.27745087844797073       0.5                      5.57470247781016E-20     0.03177003092913454
0.2771413932811891        0.5                      4.770988991134909E-19    0.031824911553556476
0.2762129377808441        0.5                      1.0051968500367448E-18   0.0319895337376287
0.27594382024451225       0.5                      4.662512423698405E-18    0.03203752888061257
0.27513646763551663       0.5                      9.25042786869933E-18     0.03218146117854935
0.2749024523865324        0.5                      3.005777568823729E-17    0.032223405464122654
0.2742004066395797        0.5                      5.617935715161116E-17    0.032349155307193456
0.2739969151187238        0.5                      1.4322815342746835E-16   0.03238578896093767
0.27338644055615624       0.5                      2.52584146935523E-16     0.03249558346156725
0.27320949140758594       0.5                      5.391069607732692E-16    0.03252756142801771
0.272678643961875         0.5                      8.992804288773204E-16    0.03262337253065275
0.2725247751370313        0.5                      1.6758875598887838E-15   0.03265127307429944
0.2720631686625001        0.5                      2.6526883543152597E-15   0.032734842205262904
0.2719293696843751        0.5                      4.444818210138015E-15    0.03275917493186274
0.27152797275             0.5                      6.700135207033008E-15    0.0328320365406793
0.2714116258125           0.5                      1.03127448834854E-14     0.032853249804749185
0.271062585               0.5                      1.4861317289869816E-14   0.0329167534299845
0.27096141375000005       0.5                      2.135448173708315E-14    0.032935241119650696
0.2706579                 0.5                      2.9533659243839284E-14   0.03299057178233465
0.270569925               0.5                      4.011513226445545E-14    0.03300667949006007
0.270306                  0.5                      5.344980455985856E-14    0.033054876338319834
0.2702295                 0.5                      6.930345792635482E-14    0.03306890693910409
