% Model:              inside_out_countercurrent_10mins.mph
% Version:            COMSOL 6.3.0.420
% Date:               Apr 23 2026, 15:43
% Dimension:          2
% Nodes:              671
% Expressions:        2
% Description:        Molar concentration, is
% Length unit:        mm
% R                       Z                        is (mol/m^3) @ t=0       is (mol/m^3) @ t=1
0.14962499999999998       15                       0.09999999999999996      0.08670799907123641
0.15                      15                       0.09999999999999995      0.08658541346624976
0.14925                   15                       0.1                      0.08683080667450938
0.14881875                15                       0.1                      0.08697243672891815
0.1483875                 15                       0.1                      0.08711431301543053
0.1478915625              15                       0.1                      0.08727791021130339
0.14739562499999997       15                       0.1                      0.08744176374157239
0.14682529687499998       15                       0.1                      0.08763063990008296
0.14625496875             15                       0.1                      0.08781975121754046
0.14559909140625          15                       0.1                      0.08803761712847744
0.1449432140625           15                       0.1                      0.08825563065366804
0.14237312320399662       15                       0.10000000000000002      0.08911025571556655
0.14365270915446793       15                       0.10000000000000002      0.0886849532084093
0.13765103822954328       15                       0.10000000000000002      0.09066206068820115
0.1399921813859874        15                       0.10000000000000002      0.0898984245510514
0.12905251723264008       15                       0.10000000000000002      0.09329215810691724
0.1329464852317539        15                       0.10000000000000002      0.09207557921216329
0.12234485432745654       15                       0.10000000000000002      0.09494007107647569
0.114775889735795         15                       0.10000000000000002      0.09682189203258715
0.10420701005941779       15                       0.10000000000000002      0.09818857898762273
0.0936381313143637        15                       0.10000000000000002      0.09957310635616767
0.07987709550404387       15                       0.10000000000000002      0.09969323271632702
0.06611605743035404       15                       0.10000000000000002      0.09980208336835614
0.05555802851481398       15                       0.10000000000000002      0.09986731301516283
0.045000000000000005      15                       0.10000000000000002      0.09994369077218734
0.03749999999999982       15                       0.10000000000000002      0.09995006759182071
0.030000000000000013      15                       0.10000000000000002      0.09995428166146907
0.02249999999999982       15                       0.10000000000000002      0.09996056521502691
0.015000000000000015      15                       0.10000000000000002      0.09996640500445297
0.007499999999999812      15                       0.1                      0.09996820828935202
0                         15                       0.09999999999999999      0.09997030637999338
0.24974999999999997       15                       0.052101472341307416     0.030902157690114937
0.25                      15                       0.03564391322561081      0.03079147135618252
0.2495                    15                       0.06855762740471735      0.03101309767874294
0.24921249999999998       15                       0.07921878172184009      0.031140635449196822
0.24892499999999998       15                       0.08987947667626413      0.031268464837770196
0.24859437499999998       15                       0.09389013257925333      0.03141546364070798
0.24826375                15                       0.09790067514599146      0.03156279768216343
0.24788353125             15                       0.09882044906656293      0.031732285889293416
0.24750331250000002       15                       0.09974022408458327      0.03190215944361456
0.2470660609375           15                       0.09986303377868042      0.03209765633565578
0.24662880937499998       15                       0.0999863573737572       0.032293596119727194
0.2453991244110889        15                       0.1000006523618316       0.03284623164830894
0.24591105815177383       15                       0.09999348914508324      0.03261657108208186
0.24412951941998218       15                       0.09999999463195298      0.03342182786773028
0.24278959879103895       15                       0.09999991268787         0.034027169643127284
0.23987461469516416       15                       0.10000000285567168      0.03536971881230995
0.23687555762608037       15                       0.10000001465718132      0.0367470467382271
0.2242409095948662        15                       0.09999999705857887      0.042773552941229136
0.23053251830049154       15                       0.10000001257699684      0.03976909557509546
0.2128564682608537        15                       0.09999999750872454      0.048622688475392
0.201472027041018         15                       0.1000000008091098       0.05448271186711384
0.17641755555980454       15                       0.09999999969671562      0.06893904698587414
0.1884838309846421        15                       0.09999999983232652      0.06200064375844158
0.1703651312268452        15                       0.10000000006332196      0.07283025550198459
0.1639649897908763        15                       0.10000000011128965      0.07690143403771887
0.16136901104202023       15                       0.09999999998166406      0.07865976166155408
0.15823264225573203       15                       0.09999999996480657      0.08077231556232226
0.15667187945798583       15                       0.10000000000405673      0.08185737215414503
0.15508458433688269       15                       0.10000000000961717      0.08295859271997483
0.153371190625            15                       0.09999999999839404      0.08416725423653226
0.15422424782839442       15                       0.10000000000821516      0.0835649249964281
0.15293393906249997       15                       0.09999999999858789      0.08447803239832122
0.15249668749999998       15                       0.09999999999992315      0.08478937970357013
0.15211646874999996       15                       0.09999999999993407      0.08506107724307625
0.15173624999999996       15                       0.09999999999999286      0.0853332716123264
0.151405625               15                       0.09999999999999384      0.08557064251297523
0.15107499999999996       15                       0.09999999999999896      0.08580844695000014
0.15078749999999996       15                       0.0999999999999991       0.0860157050446761
0.1505                    15                       0.0999999999999998       0.08622334130735712
0.15025                   15                       0.09999999999999983      0.08640421250739587
0.26995                   15                       9.569742679559033E-14    0.026948336208029985
0.27                      15                       8.929150534488385E-14    0.02693902985769996
0.26990000000000003       15                       1.0547967878608288E-13   0.026957665516205372
0.26984250000000004       15                       1.142672704904082E-13    0.026968371501929295
0.26978500000000005       15                       1.2767734509067302E-13   0.02697910388965879
0.269718875               15                       1.4006299150975259E-13   0.02699142064838312
0.26965275000000005       15                       1.5894849817832146E-13   0.027003767770032043
0.2695767062500001        15                       1.7695724234547898E-13   0.027017938496916454
0.26950066250000004       15                       2.0439040498775738E-13   0.027032144141949564
0.26941321218750003       15                       2.315288208550132E-13    0.027048449024375143
0.2693257618750001        15                       2.7282212926508385E-13   0.02706479406366167
0.26922519401562506       15                       3.154364561539368E-13    0.027083555997406104
0.26912462615625          15                       3.801888976696563E-13    0.027102364112775716
0.2690089731179688        15                       4.503510335780549E-13    0.027123955330591205
0.2688933200796876        15                       5.567868566268282E-13    0.027145599658796513
0.2687603190856641        15                       6.787911557367486E-13    0.02717044942651431
0.26862731809164064       15                       8.635018856638406E-13    0.027195360273020844
0.2684743669485137        15                       1.0894719477869499E-12   0.02722396383774825
0.2683214158053867        15                       1.4307460390832215E-12   0.027252637645257316
0.2681455219907907        15                       1.8809849581719996E-12   0.027285566656235535
0.26796962817619474       15                       2.558893949797003E-12    0.02731857644889495
0.26776735028940934       15                       3.535301620645895E-12    0.027356491115906066
0.26756507240262395       15                       4.999778394880863E-12    0.02739449868453632
0.26733245283282075       15                       7.336622170585786E-12    0.027438161993703206
0.26709983326301756       15                       1.0824046917574439E-11   0.027481932142378762
0.2668323207577439        15                       1.7098833209336765E-11   0.027532226517874625
0.2665648082524702        15                       2.640038572453148E-11    0.027582643760933834
0.2662571688714055        15                       4.5679576120240943E-11   0.02764059064764472
0.26594952949034073       15                       7.398970714048201E-11    0.02769867883279059
0.2655957442021163        15                       1.433643080305121E-10    0.027765461784961427
0.26524195891389185       15                       2.43793529997677E-10     0.02783240722816282
0.2648380765865553        15                       5.391581578577336E-10    0.027908836305768868
0.2644341942435885        15                       9.567024001686763E-10    0.027985450879058286
0.2639338611295098        15                       2.7817876827725925E-9    0.028080413963231445
0.2634335279650817        15                       5.2135963221917685E-9    0.028175606827868606
0.26281521591562074       15                       1.4094109014915802E-8    0.028293397134828792
0.2621969039321395        15                       1.265079857284599E-9     0.02841147134126577
0.261226411329357         15                       -2.5541010654915756E-7   0.028597333508401684
0.26025591904143774       15                       -4.080231206204184E-7    0.028783641210457192
0.25864651747856304       15                       1.1419388336888836E-6    0.029094550364393203
0.25703711597917517       15                       2.3921384531394445E-6    0.029406197542510455
0.25438832416287915       15                       -2.073600314362944E-5    0.02992367521706115
0.25566036607524023       15                       -8.197663403967133E-6    0.029675510606311687
0.25354112802408435       15                       4.633660101572145E-4     0.030090680848355908
0.2526714108421572        15                       7.932485221712167E-4     0.030261617828632938
0.25215063418933414       15                       0.0029929178170523627    0.030364770380712603
0.2515539776434861        15                       0.005260507673689265     0.030482642277024553
0.25098843987026914       15                       0.011627158213643005     0.03059484084219847
0.2512673987650722        15                       0.008515466631270834     0.030539565845585766
0.2506742381249999        15                       0.017300501077809352     0.030657266745560557
0.25082437566729565       15                       0.014577105668278086     0.03062739884252763
0.25058678781249993       15                       0.01928802985609651      0.030674638095928537
0.2504993375              15                       0.02127453973882952      0.030692049396049095
0.25042329374999994       15                       0.023248971415851437     0.030707163644454614
0.2503472499999999        15                       0.025222716207246303     0.0307223126277707
0.25028112499999994       15                       0.027111948720076322     0.03073546205969763
0.25021499999999997       15                       0.02900070832751268      0.030748641692839196
0.2501574999999999        15                       0.030749624921545954     0.0307600809833165
0.2501                    15                       0.032498210489926974     0.03077154653339133
0.25005                   15                       0.034071179180368436     0.030781497528456735
1.7998470000000002        15                       2.335691966034098E-181   -1.8816923250270986E-18
1.8000000000000003        15                       2.2664820679823267E-181  -1.8817696075380676E-18
1.7996940000000001        15                       2.6014858247337755E-181  -1.8816345304924686E-18
1.79951805                15                       2.8819603375982075E-181  -1.881354807276333E-18
1.7993421                 15                       3.9591556665662857E-181  -1.8811455994578466E-18
1.7991397575000003        15                       4.69920370486819E-181    -1.880572032557267E-18
1.7989374150000002        15                       7.541783140511216E-181   -1.8801430026923206E-18
1.7987047211250002        15                       9.482716074723864E-181   -1.8791510708226348E-18
1.7984720272500003        15                       1.6939333869857037E-180  -1.8784089966589497E-18
1.7982044292937502        15                       2.2553568670442793E-180  -1.8768299843599415E-18
1.7979368313375002        15                       4.41273011406262E-180    -1.875648517598448E-18
1.7969888804832794        15                       2.8364492470700742E-179  -1.8687114034065992E-18
1.7974462322819145        15                       1.0588494075032925E-179  -1.8715349123925563E-18
1.7960852113370929        15                       -6.852363085339113E-179  -1.8570676970369457E-18
1.7951496946672594        15                       -3.189886252937439E-178  -1.8481149754303283E-18
1.791982307909954         15                       1.4720364604941483E-177  -1.790243609150249E-18
1.7935427692650596        15                       1.720843041295144E-178   -1.8144551444942737E-18
1.7888324643229392        15                       -2.3695117335741208E-178 -1.6778265045291432E-18
1.7856358796648901        15                       -4.738404380229498E-177  -1.5925070582977772E-18
1.781322329256267         15                       1.0183865369460516E-177  -1.342813644057713E-18
1.777008351603413         15                       1.6184115172823E-176     -1.1552184078821443E-18
1.7713926981199486        15                       -3.453733044437627E-177  -6.752845628846574E-19
1.7657765942878658        15                       -5.52433537223152E-176   -3.1425538808437203E-19
1.7614684197021901        15                       2.6912834753427605E-176  1.6512511781267383E-19
1.7571600000000003        15                       2.4360244192291765E-175  5.259363375570596E-19
1.7541000000000002        15                       -1.49197014294174E-175   9.225012578646051E-19
1.7510400000000002        15                       -1.1855075990822591E-174 1.2209712370609956E-18
1.74798                   15                       4.887231554040354E-175   1.6632105085974499E-18
1.74492                   15                       4.9055272845367745E-174  1.9959727476146717E-18
1.74186                   15                       -1.974106273022247E-174  2.4838054416175093E-18
1.7388                    15                       -2.0120364755204974E-173 2.850693842727311E-18
1.7357399999999998        15                       8.08852454465687E-174    3.384769699194859E-18
1.7326800000000002        15                       8.248109276918135E-173   3.786145868269705E-18
1.7296200000000002        15                       -3.317020975104362E-173  4.367901103967876E-18
1.72656                   15                       -3.3810778008396E-172    4.80469520847367E-18
1.7235                    15                       1.3603716107809444E-172  5.436402595608801E-18
1.72044                   15                       1.3859608427096485E-171  5.91014852426659E-18
1.71738                   15                       -5.57926166960468E-172   6.594964344416548E-18
1.7143199999999998        15                       -5.681233468609989E-171  7.107831054036478E-18
1.71126                   15                       2.2882569145047956E-171  7.849841333218162E-18
1.7082000000000002        15                       2.328789962285658E-170   8.404662090383552E-18
1.7051400000000003        15                       -9.38516587592158E-171   9.208930296633891E-18
1.7020800000000003        15                       -9.545838803235117E-170  9.809231313892224E-18
1.6990200000000006        15                       3.849360176773153E-170   1.0681849456430444E-17
1.6959600000000008        15                       3.9128576409515293E-169  1.1331879190300773E-17
1.6929000000000007        15                       -1.5788646161291058E-169 1.228002400382697E-17
1.6898400000000005        15                       -1.6038740396201291E-168 1.298478412810731E-17
1.6867800000000006        15                       6.476066610281995E-169   1.4016779758346006E-17
1.6837200000000005        15                       6.574198489332198E-168   1.4782058550753727E-17
1.6806600000000005        15                       -2.65636730049791E-168   1.5907446875981534E-17
1.6776000000000004        15                       -2.6947085227038527E-167 1.673985545594542E-17
1.6745400000000004        15                       1.0896215473096738E-167  1.796947487870447E-17
1.6714800000000005        15                       1.1045294383651102E-166  1.8876486402947014E-17
1.6684200000000007        15                       -4.469658262005369E-167  2.0222559617888917E-17
1.6653600000000004        15                       -4.5273012911369687E-166 2.12125511689175E-17
1.6623000000000006        15                       1.833514630548635E-166   2.268878204470755E-17
1.6592400000000007        15                       1.8556590796587934E-165  2.377107852269549E-17
1.6561800000000007        15                       -7.521530352320523E-166  2.5392757812377666E-17
1.6531200000000004        15                       -7.605955217352252E-165  2.6577676646691813E-17
1.6500600000000003        15                       3.085603862092007E-165   2.8361795741961526E-17
1.6470000000000005        15                       3.117498166153933E-164   2.9660690654156715E-17
1.6439400000000006        15                       -1.2658627095898778E-164 3.162606200006085E-17
1.6408800000000003        15                       -1.2777785975031495E-163 3.305136335019441E-17
1.6378200000000005        15                       5.193329544029616E-164   3.5218745407927444E-17
1.6347600000000004        15                       5.237235030025014E-163   3.678399380976151E-17
1.6317000000000004        15                       -2.1306806247724122E-163 3.917621756028484E-17
1.6286400000000003        15                       -2.146573001199934E-162  4.089608642122014E-17
1.6255800000000002        15                       8.741871024849682E-163   4.3538179297839594E-17
1.62252                   15                       8.798051475509051E-162   4.542848068162703E-17
1.6194600000000001        15                       -3.5867768792365915E-162 4.8347782453216016E-17
1.6164                    15                       -3.605991229300653E-161  5.042544912417792E-17
1.6133400000000002        15                       1.4716977453589999E-161  5.365171255988638E-17
1.6102800000000002        15                       1.477951763719821E-160   5.593474718259179E-17
1.60722                   15                       -6.038756977949595E-161  5.950021423891325E-17
1.60416                   15                       -6.057499357056923E-160  6.200759440064575E-17
1.6011000000000002        15                       2.4779441563552047E-160  6.594703609339618E-17
1.5980400000000001        15                       2.482699248429224E-159   6.869856099723919E-17
1.5949800000000005        15                       -1.0168359269712857E-159 7.304926594794964E-17
1.5919200000000007        15                       -1.0175425199013326E-158 7.606532718337618E-17
1.5888600000000004        15                       4.172785167947429E-159   8.086701993512639E-17
1.5858000000000003        15                       4.170410788293988E-158   8.416827454147552E-17
1.5827400000000005        15                       -1.7124477007480707E-158 8.94629399726582E-17
1.5796800000000004        15                       -1.7092398922632188E-157 9.306985891533322E-17
1.5766200000000006        15                       7.027892748024798E-158   9.890144326237552E-17
1.5735600000000003        15                       7.005275530238279E-157   1.0283370225985741E-16
1.5705000000000002        15                       -2.8843623718985865E-157 1.0924765417945142E-16
1.56744                   15                       -2.8710816306228024E-156 1.1352332633537404E-16
1.56438                   15                       1.1838366316741904E-156  1.2056593284241257E-16
1.5613200000000003        15                       1.176695465254081E-155   1.252004334955972E-16
1.5582600000000002        15                       -4.859049819141908E-156  1.3291789520829649E-16
1.5552                    15                       -4.8225966782698185E-155 1.3792261851298674E-16
1.55214                   15                       1.9944764837154203E-155  1.4635979607214669E-16
1.5490800000000002        15                       1.9764973372883994E-154  1.517403697048794E-16
1.5460200000000004        15                       -8.187000990751322E-155  1.6093911809869873E-16
1.5429600000000003        15                       -8.100467014180893E-154  1.6669318673841953E-16
1.5399000000000003        15                       3.3607753432239344E-154  1.7669017607476112E-16
1.53684                   15                       3.319881037425477E-153   1.8280460542669047E-16
1.5337800000000001        15                       -1.3796635704864525E-153 1.936285048854805E-16
1.5307200000000003        15                       -1.3606102314902775E-152 2.0007587543976956E-16
1.5276600000000005        15                       5.664040410965422E-153   2.1174375104760332E-16
1.5246000000000004        15                       5.57627005424979E-152    2.1847798380541208E-16
1.5215400000000003        15                       -2.3254085952126026E-152 2.3099072953061696E-16
1.5184800000000003        15                       -2.2853505605037892E-151 2.3794165380395885E-16
1.5154200000000004        15                       9.547558681472723E-152   2.512782383750691E-16
1.5123600000000004        15                       9.366146187755895E-151   2.583448735531389E-16
1.5093000000000005        15                       -3.9201788100714606E-151 2.724551413136446E-16
1.5062400000000002        15                       -3.83855900964441E-150   2.794974191179179E-16
1.5031800000000004        15                       1.6096825469670013E-150  2.9429313093709203E-16
1.5001200000000003        15                       1.5731669284264368E-149  3.011217309195306E-16
1.4970600000000003        15                       -6.609913057533262E-150  3.164654692868871E-16
1.4940000000000002        15                       -6.447343437548213E-149  3.228293767235812E-16
1.4909400000000006        15                       2.714393101694253E-149   3.385208660541338E-16
1.4878800000000005        15                       2.6423255605740855E-148  3.4409218629169636E-16
1.4848200000000005        15                       -1.1147347706530705E-148 3.5985149331156447E-16
1.4817600000000002        15                       -1.0829078105535144E-147 3.6420696812438243E-16
1.4787000000000003        15                       4.578175964649752E-148   3.796539458719444E-16
1.4756400000000003        15                       4.4380930265116765E-147  3.822525132887521E-16
1.4725800000000002        15                       -1.880337709676981E-147  3.9688173333370443E-16
1.4695200000000002        15                       -1.8188680239058974E-146 3.9703735017505526E-16
1.4664600000000003        15                       7.72328353842812E-147    4.1018762836687767E-16
1.4634000000000003        15                       7.454284505792174E-146   4.0703643152439605E-16
1.4603400000000004        15                       -3.1724234453729066E-146 4.1785388979935763E-16
1.4572800000000004        15                       -3.054997427248831E-145  4.103146048053064E-16
1.4542200000000003        15                       1.3031777737578904E-145  4.1770802176004393E-16
1.45116                   15                       1.252033534466802E-144   4.04434331717607E-16
1.4481000000000002        15                       -5.353524632024814E-145  4.0702131379689247E-16
1.44504                   15                       -5.131229293689638E-144  3.863446740500904E-16
1.44198                   15                       2.1993778747816752E-144  3.823869228007445E-16
1.43892                   15                       2.1029422800087455E-143  3.522480420575779E-16
1.43586                   15                       -9.036163373448087E-144  3.3957369593774764E-16
1.4328                    15                       -8.618543457187493E-143  2.974405975667043E-16
1.4297400000000002        15                       3.7127245931603304E-143  2.7335128366121066E-16
1.4266800000000002        15                       3.532166073198094E-142   2.1612150555975082E-16
1.4236200000000003        15                       -1.5255487375312288E-142 1.772813410150288E-16
1.4205600000000005        15                       -1.447602064751286E-141  1.01165422103113E-16
1.4175000000000006        15                       6.268799436383294E-142   4.3468750288767635E-17
1.4144400000000006        15                       5.932779921918818E-141   -5.614832113119786E-17
1.4113800000000007        15                       -2.5761303604808437E-141 -1.377341963493526E-16
1.4083200000000007        15                       -2.431466970300919E-140  -2.6645744063468717E-16
1.4052600000000006        15                       1.0587092205064192E-140  -3.7807885580234784E-16
1.4022000000000006        15                       9.965055663511436E-140   -5.426981579534073E-16
1.3991400000000005        15                       -4.3512212913332935E-140 -6.918360400800999E-16
1.3960800000000004        15                       -4.084062974195085E-139  -9.005566081562565E-16
1.3930200000000004        15                       1.788428037005281E-139   -1.0962875621713808E-15
1.3899600000000005        15                       1.6738117280745007E-138  -1.3590020060644842E-15
1.3869000000000005        15                       -7.35119239282921E-139   -1.6123062061445873E-15
1.3838400000000006        15                       -6.859972711611837E-138  -1.940915180224801E-15
1.3807800000000006        15                       3.0218320044551675E-138  -2.2650387244745824E-15
1.3777200000000005        15                       2.811511766256341E-137   -2.6738281279042145E-15
1.3746600000000004        15                       -1.2422506390307417E-137 -3.0847086351059943E-15
1.3716000000000006        15                       -1.152283358569248E-136  -3.590792551929965E-15
1.3685400000000005        15                       5.107103888080379E-137   -4.1075580363270624E-15
1.3654800000000007        15                       4.72259468121407E-136    -4.731397937863405E-15
1.3624200000000006        15                       -2.0997464834147448E-136 -5.376950405233387E-15
1.3593600000000006        15                       -1.9355490884012353E-135 -6.1429626444777696E-15
1.3563000000000005        15                       8.633479942173439E-136   -6.944659422089827E-15
1.3532400000000009        15                       7.932863349540427E-135   -7.88192473891414E-15
1.3501800000000006        15                       -3.5500289221832555E-135 -8.872372295061475E-15
1.3471200000000003        15                       -3.251308337970173E-134  -1.0015462937230521E-14
1.3440600000000005        15                       1.45983914792932E-134    -1.12334398739103E-14
1.3410000000000006        15                       1.3325664639183932E-133  -1.2623382037544141E-14
1.3379400000000006        15                       -6.003511390597933E-134  -1.4114910062427401E-14
1.3348800000000005        15                       -5.461629988682876E-133  -1.58003016811954E-14
1.3318200000000004        15                       2.4690676567925496E-133  -1.7619885690473107E-14
1.3287600000000004        15                       2.238507121012401E-132   -1.965819216920879E-14
1.3257000000000003        15                       -1.0155189889107644E-132 -2.1870253107040796E-14
1.3226400000000005        15                       -9.174821735852348E-132  -2.432930641473855E-14
1.3195800000000006        15                       4.177058807184876E-132   -2.700983332046028E-14
1.3165200000000006        15                       3.7604505041663786E-131  -2.99695629395334E-14
1.3134600000000005        15                       -1.7182275502609143E-131 -3.320801354893164E-14
1.3104000000000005        15                       -1.5412934959568579E-130 -3.676244112878841E-14
1.3073400000000004        15                       7.068355233601794E-131   -4.066392355371579E-14
1.3042800000000006        15                       6.317338991354652E-130   -4.492345673947773E-14
1.3012200000000003        15                       -2.9079283324280153E-130 -4.961122809726561E-14
1.2981600000000002        15                       -2.58932477293937E-129   -5.47052928957055E-14
1.2951000000000004        15                       1.1964008176181844E-129  -6.032361427437462E-14
1.2920400000000005        15                       1.061310646149911E-128   -6.640366946880348E-14
1.2889800000000005        15                       -4.922632241676074E-129  -7.312106026403705E-14
1.2859200000000006        15                       -4.3501307177099036E-128 -8.036404177927767E-14
1.2828600000000003        15                       2.0255630983804464E-128  -8.837698018027751E-14
1.2798000000000003        15                       1.783060294988411E-127   -9.698922789872831E-14
1.2767400000000004        15                       -8.335311767438255E-128  -1.0652634807352287E-13
1.2736800000000006        15                       -7.3085938869530425E-127 -1.16748072371564E-13
1.2706200000000005        15                       3.4302485513802515E-127  -1.2807491263150737E-13
1.2675600000000005        15                       2.9957519786102503E-126  -1.4018526278454591E-13
1.2645000000000004        15                       -1.4117473124178045E-126 -1.5360962259495407E-13
1.2614400000000003        15                       -1.2279544232012502E-125 -1.6793242411310308E-13
1.2583800000000003        15                       5.810532659263457E-126   -1.838103911395723E-13
1.2553200000000004        15                       5.033419820370855E-125   -2.0072062394629712E-13
1.2522600000000006        15                       -2.391676667273478E-125  -2.1946333523133172E-13
1.2492000000000005        15                       -2.063235123538043E-124  -2.3939442925995924E-13
1.2461400000000005        15                       9.845016865525167E-125   -2.614756329234636E-13
1.2430800000000004        15                       8.457443343320578E-124   -2.8492766202605473E-13
1.2400200000000003        15                       -4.0528251077350215E-124 -3.108921473436852E-13
1.2369600000000005        15                       -3.466845010608948E-123  -3.384410061911079E-13
1.2339000000000002        15                       1.668501393148641E-123   -3.6891397024136005E-13
1.2308400000000002        15                       1.4211334387789886E-122  -4.012216219063521E-13
1.2277800000000003        15                       -6.869458378279644E-123  -4.3691903983987976E-13
1.2247200000000005        15                       -5.825598387783943E-122  -4.747449237070487E-13
1.2216600000000004        15                       2.8284305566786003E-122  -5.164849866480818E-13
1.2186000000000003        15                       2.3880951389010883E-121  -5.606986768327892E-13
1.2155400000000003        15                       -1.1646502470540788E-121 -6.094143559361395E-13
1.2124800000000002        15                       -9.789674622131205E-121  -6.610095590847703E-13
1.2094200000000002        15                       4.79592487212512E-121    -7.177623456726124E-13
1.20636                   15                       4.013198027269071E-120   -7.778723233278771E-13
1.2033000000000003        15                       -1.9750401138234027E-120 -8.438671824710022E-13
1.2002400000000004        15                       -1.64520027330867E-119   -9.137816764587097E-13
1.1971800000000004        15                       8.134034624252017E-120   -9.903832337648097E-13
1.1941200000000003        15                       6.744549666302934E-119   -1.0715669624704149E-12
1.1910600000000002        15                       -3.3501364342333023E-119 -1.1603169197957939E-12
1.1880000000000004        15                       -2.7649882746134943E-118 -1.2544296977107843E-12
1.1849400000000005        15                       1.379892255044145E-118   -1.3570654411842406E-12
1.1818800000000007        15                       1.1335480529653505E-117  -1.4659839523846751E-12
1.1788200000000004        15                       -5.683997526533765E-118  -1.584458273082956E-12
1.1757600000000004        15                       -4.647217870202583E-117  -1.7102994996301604E-12
1.1727000000000003        15                       2.341468977472358E-117   -1.8468012901958383E-12
1.1696400000000005        15                       1.9052533817571734E-116  -1.991947556553785E-12
1.1665800000000002        15                       -9.646028827384953E-117  -2.1489232715502513E-12
1.16352                   15                       -7.811226145110977E-116  -2.316048812970207E-12
1.1604600000000003        15                       3.9740571457144463E-116  -2.4962243807353353E-12
1.1574000000000004        15                       3.2025255080124E-115     -2.688323273082242E-12
1.1543400000000004        15                       -1.6373625067326848E-115 -2.8947260138827316E-12
1.1512800000000003        15                       -1.3130251765448945E-114 -3.1151412090012957E-12
1.1482200000000002        15                       6.746531052432246E-115   -3.3511211367802953E-12
1.1451600000000002        15                       5.383450614504776E-114   -3.6035742235566564E-12
1.1421000000000001        15                       -2.7799751454410508E-114 -3.872823870356256E-12
1.13904                   15                       -2.2072716818560724E-113 -4.1614450165095175E-12
1.1359800000000002        15                       1.1455808892539293E-113  -4.468016597236461E-12
1.1329200000000004        15                       9.050204294148769E-113   -4.797373905793819E-12
1.1298600000000003        15                       -4.721008763902963E-113  -5.1456922050152495E-12
1.1268000000000002        15                       -3.7108095214958834E-112 -5.520819421746249E-12
1.1237400000000002        15                       1.945663747802768E-112   -5.915688189923991E-12
1.1206800000000001        15                       1.521551950947028E-111   -6.342109294855637E-12
1.1176200000000003        15                       -8.019077818901052E-112  -6.788708127927069E-12
1.1145600000000004        15                       -6.238970143711267E-111  -7.272456795009596E-12
1.1115000000000004        15                       3.3052510261872543E-111  -7.77632435395133E-12
1.1084400000000003        15                       2.5582747505224076E-110  -8.323955511343424E-12
1.1053800000000003        15                       -1.3624091811971544E-110 -8.890953399426598E-12
1.1023200000000002        15                       -1.0490345038174846E-109 -9.509543089924972E-12
1.0992600000000003        15                       5.616082414637755E-110   -1.014579258239948E-11
1.0962000000000003        15                       4.301707025302027E-109   -1.0842920898361466E-11
1.0931400000000004        15                       -2.315164635892995E-109  -1.1554701787748458E-11
1.0900800000000004        15                       -1.7640078313370227E-108 -1.2338411684242869E-11
1.0870200000000003        15                       9.544484514703066E-109   -1.3132008454572542E-11
1.0839600000000003        15                       7.233841188547238E-108   -1.4010730515467186E-11
1.0809000000000006        15                       -3.935001957053596E-108  -1.489220546726647E-11
1.0778400000000006        15                       -2.9665137753880625E-107 -1.5874634915756126E-11
1.0747800000000005        15                       1.6224039192714272E-107  -1.6849500151822876E-11
1.0717200000000002        15                       1.216558126569097E-106   -1.7944407152495014E-11
1.0686600000000004        15                       -6.68950921851832E-107   -1.9017156710305542E-11
1.0656000000000003        15                       -4.98917355653511E-106   -2.0233103746623818E-11
1.0625400000000003        15                       2.7583567441254586E-106  -2.1406552558812636E-11
1.0594800000000002        15                       2.046132578096305E-105   -2.2751482619803862E-11
1.0564200000000004        15                       -1.1374365650463185E-105 -2.4025838956565103E-11
1.0533600000000003        15                       -8.39167193265574E-105   -2.5506484382244233E-11
1.0503000000000002        15                       4.6905543702462805E-105  -2.6878055021219215E-11
1.0472400000000002        15                       3.4416995142519376E-104  -2.8499097728256714E-11
1.0441800000000003        15                       -1.93437673331968E-104   -2.995848771129003E-11
1.0411200000000003        15                       -1.4115858262910814E-103 -3.172137521555904E-11
1.0380600000000002        15                       7.977696257709963E-104   -3.325099320217311E-11
1.0350000000000001        15                       5.789641475776232E-103   -3.515227879194148E-11
1.0319400000000003        15                       -3.2902821231869474E-103 -3.6722890081597656E-11
1.0288800000000002        15                       -2.374686344140572E-102  -3.875191620660325E-11
1.0258200000000002        15                       1.3570868163678408E-102  -4.0317892360919704E-11
1.0227600000000001        15                       9.740274577925045E-102   -4.2453569146420776E-11
1.0197000000000003        15                       -5.597584060997524E-102  -4.394635777457315E-11
1.0166400000000002        15                       -3.99527488196543E-101   -4.615269738088988E-11
1.0135800000000004        15                       2.3089352823042282E-101  -4.747186747479623E-11
1.0105200000000003        15                       1.638825864243136E-100   -4.9691811660840314E-11
1.0074600000000002        15                       -9.524466992422428E-101  -5.0692805117374026E-11
1.0044000000000002        15                       -6.722484243252237E-100  -5.283971710732616E-11
1.0013400000000003        15                       3.929045220021985E-100   -5.3317137481439846E-11
0.9982800000000003        15                       2.7576413032518105E-99   -5.526310614165051E-11
0.9952200000000003        15                       -1.620878409083987E-99   -5.492797928000105E-11
0.9921600000000002        15                       -1.1312456342767883E-98  -5.6487785058028385E-11
0.9891000000000002        15                       6.686988077031902E-99    -5.493670221931036E-11
0.9860400000000001        15                       4.640741481443567E-98    -5.584589643111404E-11
0.9829800000000004        15                       -2.7588430778461262E-98  -5.251926114274878E-11
0.9799200000000005        15                       -1.903835039639393E-97   -5.240428232004326E-11
0.9768600000000005        15                       1.1382546228958638E-97   -4.6529983270310413E-11
0.9738000000000003        15                       7.810572994121939E-97    -4.486753727511726E-11
0.9707400000000005        15                       -4.69642571439933E-97    -3.538519014463259E-11
0.9676800000000004        15                       -3.2044114637125497E-96  -3.144720620202324E-11
0.9646200000000005        15                       1.937807970744544E-96    -1.6906581144235025E-11
0.9615600000000003        15                       1.3146968455771612E-95   -9.68585760775244E-12
0.9585000000000004        15                       -7.995928482694472E-96   1.1888861137098555E-11
0.9554400000000003        15                       -5.3940515144101394E-95  2.3778772682389926E-11
0.9523800000000004        15                       3.2994502426675985E-95   5.5069785324381445E-11
0.9493200000000003        15                       2.213180552839046E-94    7.35289383453747E-11
0.9462600000000003        15                       -1.361533785812337E-94   1.1816482063837912E-10
0.9432000000000003        15                       -9.080945108409818E-94   1.457865720326444E-10
0.9401400000000004        15                       5.618612196437375E-94    2.0865973042076397E-10
0.9370800000000002        15                       3.726128843184349E-93    2.489702392953462E-10
0.9340200000000003        15                       -2.31869234633108E-93    3.366553410448685E-10
0.9309600000000002        15                       -1.5289647090656145E-92  3.9443162624834474E-10
0.9279000000000004        15                       9.569082021355858E-93    5.157351219264212E-10
0.9248400000000004        15                       6.274079168623623E-92    5.974259120025553E-10
0.9217800000000005        15                       -3.949209266610416E-92   7.6410505779156E-10
0.9187200000000004        15                       -2.574634781505906E-91   8.783855851243986E-10
0.9156600000000005        15                       1.629905349481725E-91    1.1060856999498444E-9
0.9126000000000004        15                       1.0565609099509285E-90   1.2645863000330117E-9
0.9095400000000005        15                       -6.727080717637531E-91   1.5740578022748521E-9
0.9064800000000004        15                       -4.335976111794712E-90   1.7923170733441004E-9
0.9034200000000006        15                       2.776531208168951E-90    2.2109895929583E-9
0.9003600000000005        15                       1.7794788247145286E-89   2.509696415067381E-9
0.8973000000000005        15                       -1.1460136767960211E-89  3.0737069019229947E-9
0.8942400000000004        15                       -7.303188942398267E-89   3.4803123093954332E-9
0.8911800000000004        15                       4.7302927552604206E-89   4.2371074451805096E-9
0.8881200000000004        15                       2.997410229540076E-88    4.787907918111033E-9
0.8850600000000005        15                       -1.9525262318085906E-88  5.799567519803068E-9
0.8820000000000005        15                       -1.2302516012503139E-87  6.54238683058606E-9
0.8789400000000005        15                       8.059647298670153E-88    7.889851908221236E-9
0.8758800000000003        15                       5.049588261838618E-87    8.887478024192162E-9
0.8728200000000004        15                       -3.326941515971937E-87   1.0675906949137143E-8
0.8697600000000003        15                       -2.0726808827915008E-86  1.2010472206176799E-8
0.8667000000000005        15                       1.3733585571500816E-86   1.4375991840565203E-8
0.8636400000000003        15                       8.507922650583848E-86    1.6154537998906573E-8
0.8605800000000003        15                       -5.669333783392601E-86   1.9272724796870092E-8
0.8575200000000003        15                       -3.492443699898568E-85   2.1634233650918206E-8
0.8544600000000004        15                       2.3403947440094275E-85   2.573066495156816E-8
0.8514000000000004        15                       1.4336735017235768E-84   2.885492005808959E-8
0.8483400000000004        15                       -9.66172972354992E-85    3.4219181131625166E-8
0.8452800000000004        15                       -5.885538998415786E-84   3.833764540153359E-8
0.8422200000000004        15                       3.9886784576137524E-84   4.5341022127813377E-8
0.8391600000000004        15                       2.416225928917125E-83    5.0751843465965003E-8
0.8361000000000004        15                       -1.646687688634611E-83   5.986538126779446E-8
0.8330400000000003        15                       -9.919832353343975E-83   6.695251668872058E-8
0.8299800000000004        15                       6.79831395770257E-83     7.87730832762556E-8
0.8269200000000001        15                       4.072741045193964E-82    8.802456683241472E-8
0.8238600000000001        15                       -2.8067172825530807E-82  1.0330608164052063E-7
0.8208000000000001        15                       -1.6721880530876156E-81  1.1534187581833851E-7
0.8177400000000001        15                       1.1587861730729698E-81   1.3503296150981082E-7
0.8146800000000001        15                       6.8659315905254895E-81   1.506378234505201E-7
0.8116200000000001        15                       -4.784260741072579E-81   1.7592775492399629E-7
0.80856                   15                       -2.8192270206127425E-80  1.9609156108805315E-7
0.8055                    15                       1.97529970862606E-80     2.2846534629973834E-7
0.8024399999999999        15                       1.1576493565551604E-79   2.544317697525262E-7
0.79938                   15                       -8.155629916265772E-80   2.957351360759886E-7
0.7963199999999999        15                       -4.753796836537893E-79   3.2906081705737696E-7
0.79326                   15                       3.3673488220735585E-79   3.815796162446902E-7
0.7901999999999999        15                       1.9521850743309583E-78   4.2420474776945565E-7
0.78714                   15                       -1.390351248474908E-78   4.907596518873185E-7
0.7840799999999999        15                       -8.017119188337714E-78   5.450912208149691E-7
0.7810199999999999        15                       5.740722184722749E-78    6.291506232435829E-7
0.7779599999999999        15                       3.2925537221453327E-77   6.981636224527783E-7
0.7748999999999999        15                       -2.3703575367196495E-77  8.039740643517893E-7
0.7718399999999999        15                       -1.352274240534719E-76   8.913318447953186E-7
0.76878                   15                       9.787376094269205E-77    1.0240701874786554E-6
0.7657199999999998        15                       5.554107202166838E-76    1.1342672214694192E-6
0.7626599999999999        15                       -4.041322921346608E-76   1.3002202475363295E-6
0.7595999999999998        15                       -2.2812953872223037E-75  1.4387461333072295E-6
0.75654                   15                       1.6687276605334664E-75   1.6455188768967165E-6
0.7534799999999998        15                       9.370586537171189E-75    1.8190489293907132E-6
0.75042                   15                       -6.890516733627331E-75   2.075805496986393E-6
0.74736                   15                       -3.849197800210181E-74   2.292425222593332E-6
0.7443000000000001        15                       2.845262400948792E-74    2.6101620997485428E-6
0.7412399999999999        15                       1.5812192622739633E-73   2.8796259710113454E-6
0.73818                   15                       -1.174889064983814E-73   3.271484868499516E-6
0.7351199999999999        15                       -6.495799263592972E-73   3.6055132178331353E-6
0.7320599999999999        15                       4.851490748641708E-73    4.087136159750205E-6
0.729                     15                       2.668652029910715E-72    4.499750880384447E-6
0.72594                   15                       -2.0033515920994113E-72  5.089679835956646E-6
0.7228799999999999        15                       -1.0964034224814773E-71  5.597586401077325E-6
0.7198199999999999        15                       8.272610687595237E-72    6.317710708327198E-6
0.7167599999999998        15                       4.504723368224545E-71    6.940728952359757E-6
0.7137                    15                       -3.416105468280495E-71   7.816783326142984E-6
0.7106399999999998        15                       -1.850910485388345E-70   8.578329135802432E-6
0.7075799999999999        15                       1.4106623151805228E-70   9.64044427801891E-6
0.7045199999999998        15                       7.605407527068415E-70    1.056806523879004E-5
0.70146                   15                       -5.82529354642944E-70    1.185137252652492E-5
0.6983999999999998        15                       -3.1252128027534214E-69  1.297733980413439E-5
0.6953399999999998        15                       2.405555474760386E-69    1.452263082997552E-5
0.6922799999999998        15                       1.2842718984748936E-68   1.588458853345172E-5
0.6892199999999998        15                       -9.933804596228411E-69   1.773902931457656E-5
0.6861599999999998        15                       -5.277823967372613E-68   1.938070181732641E-5
0.6830999999999998        15                       4.102214792480038E-68    2.159860039258764E-5
0.6800399999999998        15                       2.1690702629848588E-67   2.3570557103696352E-5
0.6769799999999998        15                       -1.6940397963782078E-67  2.6214182008640842E-5
0.6739199999999997        15                       -8.914836983660336E-67   2.8574657818718474E-5
0.6708599999999998        15                       6.995699409432334E-67    3.171510354143517E-5
0.6677999999999997        15                       3.664160872073128E-66    3.453087176293283E-5
0.6647399999999999        15                       -2.8889557677311276E-66  3.8248965756981605E-5
0.6616799999999998        15                       -1.5061120460031832E-65  4.159625884341757E-5
0.65862                   15                       1.1930338734207992E-65   4.598350303681214E-5
0.6555599999999999        15                       6.191016234796026E-65    4.994897467728707E-5
0.6525000000000001        15                       -4.926820125138951E-65   5.510851269258591E-5
0.6494400000000001        15                       -2.5450060072007994E-64  5.97902330710516E-5
0.6463800000000003        15                       2.0346167656086078E-64   6.583783259282196E-5
0.6433200000000003        15                       1.0462565584778081E-63   7.134630671743147E-5
0.6402600000000005        15                       -8.402343865137299E-64   7.841134465074283E-5
0.6372000000000003        15                       -4.301405645729997E-63   8.487054173328626E-5
0.6341400000000004        15                       3.469925527727706E-63    9.309697803663985E-5
0.6310800000000003        15                       1.7685028171201639E-62   1.0064535798031786E-4
0.6280200000000005        15                       -1.4329851473068976E-62  1.1019268237957635E-4
0.6249600000000004        15                       -7.271509740206007E-62   1.1898420356946174E-4
0.6219000000000003        15                       5.917864656026083E-62    1.3002833782093103E-4
0.6188400000000003        15                       2.9899728489799E-61      1.4023342866419447E-4
0.6157800000000004        15                       -2.4439378400735018E-61  1.5296756569287026E-4
0.6127200000000003        15                       -1.229515677496217E-60   1.64774040786847E-4
0.6096600000000003        15                       1.0092925458103503E-60   1.7940940093889545E-4
0.6066000000000003        15                       5.056213814649509E-60    1.930233014184726E-4
0.6035400000000004        15                       -4.168173279747967E-60   2.0978978529306928E-4
0.6004800000000003        15                       -2.079417519604355E-59   2.2543612188914486E-4
0.5974200000000005        15                       1.7213780973092096E-59   2.445828388088434E-4
0.5943600000000003        15                       8.55230655911535E-59     2.625062154990416E-4
0.5913000000000004        15                       -7.109001720906562E-59   2.843018666896581E-4
0.5882400000000003        15                       -3.517632884644406E-58   3.047669625987646E-4
0.5851800000000005        15                       2.9359107474833607E-58   3.2950005862197613E-4
0.5821200000000003        15                       1.446917830555037E-57    3.5279194608365107E-4
0.5790600000000004        15                       -1.212492379294748E-57   3.8077083903126905E-4
0.5760000000000003        15                       -5.952011380727639E-57   4.0719511649608037E-4
0.5729400000000004        15                       5.0074566260985536E-57   4.387478289362007E-4
0.5698800000000003        15                       2.448559184306481E-56    4.686305487339829E-4
0.5668200000000003        15                       -2.068033017183439E-56   5.0410438340494E-4
0.5637600000000001        15                       -1.0073604188822596E-55  5.377917562584612E-4
0.5607000000000004        15                       8.540827134496759E-56    5.775526730314451E-4
0.5576400000000004        15                       4.144642296420301E-55    6.154105336746743E-4
0.5545800000000003        15                       -3.5273186937432834E-55  6.59842283329591E-4
0.5515200000000001        15                       -1.705366040999563E-54   7.022553045924071E-4
0.5484600000000002        15                       1.4567730569286552E-54   7.51758312438166E-4
0.5454000000000002        15                       7.017413316905181E-54    7.991289586879719E-4
0.5423400000000005        15                       -6.016468915193385E-54   8.541189549566659E-4
0.5392800000000004        15                       -2.887792060306931E-53   9.068661697868445E-4
0.5362200000000004        15                       2.4848157422152853E-53   9.677725679750272E-4
0.5331600000000003        15                       1.1884604657636174E-52   0.0010263301954342727
0.5301000000000003        15                       -1.0262415993220766E-52  0.0010935942242746581
0.5270400000000002        15                       -4.891410220736627E-52   0.0011584091676588577
0.5239800000000002        15                       4.2384605682813994E-52   0.0012324817670910048
0.5209200000000002        15                       2.0133280638816537E-51   0.0013040118942751668
0.5178600000000003        15                       -1.7505317749212224E-51  0.0013853513905437579
0.5148000000000003        15                       -8.28756087894119E-51    0.0014640631999091622
0.5117400000000003        15                       7.229951762193393E-51    0.0015531327796464395
0.5086800000000002        15                       3.411703451661846E-50    0.0016394988457429107
0.5056200000000002        15                       -2.9861017509491966E-50  0.001736763853476818
0.5025600000000001        15                       -1.4045876232137323E-49  0.0018312600765314972
0.4995000000000002        15                       1.2333259711404054E-49   0.0019371851643923703
0.4964400000000001        15                       5.7830920640790625E-49   0.0020402878525129812
0.49338000000000026       15                       -5.093959837762792E-49   0.002155334014880936
0.49032000000000026       15                       -2.3812544099270742E-48  0.0022675168321832093
0.48726000000000036       15                       2.103961730692834E-48    0.002392138361523985
0.4842000000000003        15                       9.805881857523033E-48    0.0025138691793254266
0.4811400000000003        15                       -8.690108001477822E-48   0.0026485105824122657
0.4780800000000001        15                       -4.038345396480991E-47   0.002780248273973074
0.47502000000000016       15                       3.5893672252273897E-47   0.002925341190006022
0.47196000000000005       15                       1.6632480450228834E-46   0.0030675324119700223
0.4689000000000001        15                       -1.482574006977623E-46   0.003223492575716683
0.46584000000000003       15                       -6.850908768698837E-46   0.0033765685813342177
0.46278000000000014       15                       6.1238008077344674E-46   0.003543792875278718
0.4597200000000001        15                       2.822135305224935E-45    0.0037081664056208127
0.4566600000000002        15                       -2.5294864608251148E-45  0.003887030045189513
0.4536000000000001        15                       -1.162644354359824E-44   0.004063092344850182
0.4505400000000003        15                       1.0448423468312154E-44   0.004253946240070451
0.4474800000000002        15                       4.790229422615544E-44    0.004442064243284465
0.44442000000000026       15                       -4.3159537459211596E-44  0.004645232578731273
0.4413600000000002        15                       -1.973818070144591E-43   0.004845746310412847
0.43830000000000024       15                       1.7828341536418975E-43   0.005061524383028317
0.4352400000000002        15                       8.133928709363232E-43    0.005274744616987571
0.43218000000000023       15                       -7.364679145089927E-43   0.005503396968357613
0.42912000000000006       15                       -3.352255725960646E-42   0.0057296031819215176
0.4260600000000002        15                       3.0423281082510004E-42   0.00597136205791038
0.42300000000000015       15                       1.3817154562824673E-41   0.006210800718424449
0.4199400000000002        15                       -1.2568060243443412E-41  0.006465864884765199
0.41688000000000014       15                       -5.695685451629993E-41   0.006718748099057235
0.41382000000000013       15                       5.192077131710029E-41    0.006987282036644506
0.41075999999999996       15                       2.3481214506662114E-40   0.007253786589575167
0.40770000000000006       15                       -2.144990797285384E-40   0.00753592008789015
0.40464000000000006       15                       -9.681521756798683E-40   0.007816186890687728
0.40158000000000016       15                       8.861799756944657E-40    0.008112015052096053
0.39852000000000015       15                       3.992239674953762E-39    0.00840614901536495
0.39546000000000026       15                       -3.6612675740550705E-39  0.008715732677071117
0.39240000000000014       15                       -1.6464212708497092E-38  0.009023803017267028
0.38934000000000024       15                       1.512707410637959E-38    0.009347169591601534
0.3862800000000001        15                       6.790758054648977E-38    0.009669210573473188
0.3832200000000002        15                       -6.250190815270372E-38   0.010006355301059157
0.38016000000000016       15                       -2.801238584973264E-37   0.010342367412160009
0.3771000000000002        15                       2.5825426668087396E-37   0.01069325501649408
0.3740400000000001        15                       1.155681621813935E-36    0.01104320656346801
0.3709800000000001        15                       -1.0671333639442335E-36  0.011407773289699275
0.3679199999999999        15                       -4.768528490947161E-36   0.0117716023997536
0.3648600000000001        15                       4.4096894298822736E-36   0.012149758415092825
0.36180000000000007       15                       1.9678433548236795E-35   0.012527375420015568
0.3587400000000002        15                       -1.822286450709929E-35   0.012919007548377225
0.3556800000000002        15                       -8.121918735646473E-35   0.013310297722776046
0.35262000000000027       15                       7.530883567941035E-35    0.013715272482038153
0.34956000000000026       15                       3.3526702724692717E-34   0.014120099102328788
0.34650000000000036       15                       -3.11241329287809E-34    0.014538266009038604
0.3434400000000003        15                       -1.3841698068510127E-33  0.014956473695246456
0.34038000000000035       15                       1.2863884246591633E-33   0.015387668798697011
0.33732000000000023       15                       5.7155310395041844E-33   0.0158190870974939
0.33426000000000033       15                       -5.317066789627518E-33   0.016263136702790573
0.3312000000000003        15                       -2.360451018973779E-32   0.016707583867469726
0.32816960149926344       15                       2.219421376405496E-32    0.017159830427752057
0.3251392029985264        15                       9.807856853838691E-32    0.017612633181657317
0.32216262068439155       15                       -9.336250457900115E-32   0.018068780187069745
0.31918603837025655       15                       -4.104786696841276E-31   0.0185256205986934
0.3162725542900092        15                       3.9469929924372625E-31   0.018983389943600985
0.31335907020976184       15                       1.7282092065594755E-30   0.01944196822913627
0.3105470754201355        15                       -1.699002658802714E-30   0.01989424424662553
0.30773508063050903       15                       -7.374611798154515E-30   0.020347412181351318
0.3051434453205324        15                       7.72011323292986E-30     0.020773227605393123
0.3025518100105556        15                       3.2720417091211306E-29   0.0211999517935108
0.30016145687238605       15                       -3.5482922503378543E-29  0.021600250609038037
0.2977711037342163        15                       -1.4845205262902358E-28  0.022001452864291417
0.29582428885093465       15                       1.9544167880615462E-28   0.022332785259101588
0.29387747396765296       15                       7.65174975594046E-28     0.02266489406212878
0.29230070333584146       15                       -1.197241560680144E-27   0.02293671761893098
0.29072393270403          15                       -4.448548266060304E-27   0.023209193386892316
0.28901528241279617       15                       5.496010224863602E-27    0.023507236484331978
0.2873066321215622        15                       2.196745531061317E-26    0.023806006855407576
0.2859331189225267        15                       -3.999167847346235E-26   0.02404820896790367
0.28455960572349115       15                       -1.42600592447417E-25    0.02429100903674348
0.2834770227415243        15                       3.939296261158338E-25    0.024483547495431225
0.2823944397595575        15                       1.2822553339092827E-24   0.02467656439266887
0.2814530632534994        15                       -5.031017484544226E-24   0.024845159979825296
0.2805116867474413        15                       -1.5479524862566578E-23  0.02501417597756419
0.2796930984813038        15                       1.1851731201785343E-22   0.025161664525914652
0.27887451021516635       15                       3.401102045428019E-22    0.025309521484196625
0.2781626943315685        15                       2.226533449715946E-20    0.025438439649462942
0.2774508784479707        15                       5.710680452860125E-20    0.025567679999255064
0.2768319081144074        15                       4.325199769747734E-19    0.025680286748410355
0.2762129377808441        15                       1.0248217748303693E-18   0.025793174830167374
0.27567470270818034       15                       4.284011218856447E-18    0.02589147452455174
0.27513646763551663       15                       9.400259522844114E-18    0.0259900196027918
0.2746684371375482        15                       2.7946057281240376E-17   0.02607578534505521
0.2742004066395797        15                       5.693705760772133E-17    0.026161764936804256
0.27379342359786796       15                       1.34538688197866E-16     0.026236561318954695
0.27338644055615624       15                       2.553972223919219E-16    0.026311543952994912
0.27303254225901563       15                       5.108693963701507E-16    0.026376748669823598
0.272678643961875         15                       9.074124958941772E-16    0.026442115528005003
0.2723709063121875        15                       1.599974553067181E-15    0.02649893954677389
0.2720631686625           15                       2.6716619609512946E-15   0.0265559046697706
0.27179557070625004       15                       4.270100672871326E-15    0.02660541080324591
0.27152797274999996       15                       6.736565665653124E-15    0.026655039702867086
0.271295278875            15                       9.959212826876796E-15    0.026698159538407148
0.271062585               15                       1.491895507536577E-14    0.026741386165971617
0.2708602425              15                       2.0712030071414995E-14   0.0267789353732497
0.2706579                 15                       2.960638980218181E-14    0.02681657746483862
0.27048194999999997       15                       3.904820796635453E-14    0.026849269549466606
0.270306                  15                       5.351284227643021E-14    0.026882042414378037
0.270153                  15                       6.766072042313177E-14    0.02691050101157088
